0.000 0.000 0.000 0.000 0.000 -1.392 0.204 
1.000 0.000 1.000 0.000 1.000 -1.045 3.279 
2.000 0.000 2.000 0.000 1.000 -0.858 2.385 
3.000 0.000 3.000 0.000 1.000 -1.099 2.683 
4.000 0.000 4.000 0.000 1.000 0.538 4.152 
5.000 0.000 5.000 0.000 1.000 -1.065 4.564 
6.000 0.000 6.000 0.000 1.000 -1.011 4.570 
7.000 0.000 7.000 0.000 1.000 -0.157 9.360 
8.000 0.000 8.000 0.000 1.000 -1.584 6.504 
9.000 0.000 9.000 0.000 1.000 0.799 8.386 
10.000 0.000 10.000 0.000 1.000 -1.208 9.839 
11.000 0.000 11.000 0.000 1.000 0.785 9.523 
12.000 0.000 12.000 0.000 1.000 1.226 12.342 
13.000 0.000 13.000 0.000 1.000 -0.880 13.535 
14.000 0.000 14.000 0.000 1.000 -2.088 14.557 
15.000 0.000 15.000 0.000 1.000 1.510 15.147 
16.000 0.000 16.000 0.000 1.000 3.918 18.766 
17.000 0.000 17.000 0.000 1.000 -0.812 17.072 
18.000 0.000 18.000 0.000 1.000 -1.926 16.171 
19.000 0.000 19.000 0.000 1.000 -0.891 19.736 
20.000 0.000 20.000 0.000 1.000 -0.794 20.753 
21.000 0.000 21.000 0.000 1.000 1.213 19.185 
22.000 0.156 21.988 0.156 0.988 1.109 21.185 
23.000 0.465 22.939 0.309 0.951 0.306 22.597 
24.000 0.919 23.830 0.454 0.891 4.045 18.862 
25.000 1.507 24.639 0.588 0.809 2.410 27.251 
26.000 2.214 25.346 0.707 0.707 1.367 26.248 
27.000 3.023 25.934 0.809 0.588 2.450 26.607 
28.000 3.914 26.388 0.891 0.454 2.778 26.450 
29.000 4.865 26.697 0.951 0.309 5.267 25.785 
30.000 5.853 26.853 0.988 0.156 5.777 26.740 
31.000 6.853 26.853 1.000 0.000 6.743 24.839 
32.000 7.853 26.853 1.000 0.000 11.939 31.791 
33.000 8.853 26.853 1.000 0.000 7.807 26.836 
34.000 9.853 26.853 1.000 0.000 9.671 27.218 
35.000 10.853 26.853 1.000 0.000 10.397 27.954 
36.000 11.853 26.853 1.000 0.000 12.352 27.417 
37.000 12.853 26.853 1.000 0.000 12.589 28.074 
38.000 13.853 26.853 1.000 0.000 14.310 27.960 
39.000 14.853 26.853 1.000 0.000 12.387 24.827 
40.000 15.853 26.853 1.000 0.000 16.360 16.867 
41.000 16.853 26.853 1.000 0.000 18.567 27.281 
42.000 17.853 26.853 1.000 0.000 17.204 27.692 
43.000 18.853 26.853 1.000 0.000 17.924 26.501 
44.000 19.853 26.853 1.000 0.000 20.773 27.993 
45.000 20.853 26.853 1.000 0.000 18.797 26.605 
46.000 21.853 26.853 1.000 0.000 22.267 28.117 
47.000 22.841 26.697 0.988 -0.156 24.035 26.047 
48.000 23.792 26.388 0.951 -0.309 22.755 28.338 
49.000 24.683 25.934 0.891 -0.454 24.544 26.502 
50.000 25.492 25.346 0.809 -0.588 24.378 24.798 
51.000 26.199 24.639 0.707 -0.707 26.380 24.602 
52.000 26.787 23.830 0.588 -0.809 25.328 24.087 
53.000 27.241 22.939 0.454 -0.891 26.748 22.217 
54.000 27.550 21.988 0.309 -0.951 28.671 21.890 
55.000 27.706 21.000 0.156 -0.988 27.413 20.288 
56.000 27.706 20.000 0.000 -1.000 15.755 13.500 
57.000 27.706 19.000 0.000 -1.000 28.032 19.897 
58.000 27.706 18.000 0.000 -1.000 27.323 17.636 
59.000 27.706 17.000 0.000 -1.000 28.642 18.093 
60.000 27.706 16.000 0.000 -1.000 27.236 13.214 
61.000 27.706 15.000 0.000 -1.000 29.309 16.462 
62.000 27.706 14.000 0.000 -1.000 27.315 12.685 
63.000 27.706 13.000 0.000 -1.000 28.197 13.649 
64.000 27.706 12.000 0.000 -1.000 30.799 18.608 
65.000 27.706 11.000 0.000 -1.000 28.777 11.139 
66.000 27.706 10.000 0.000 -1.000 28.580 8.976 
67.000 27.706 9.000 0.000 -1.000 29.650 8.525 
68.000 27.706 8.000 0.000 -1.000 24.750 8.668 
69.000 27.706 7.000 0.000 -1.000 26.251 7.666 
70.000 27.706 6.000 0.000 -1.000 27.522 5.152 
71.000 27.706 5.000 0.000 -1.000 28.622 5.652 
72.000 27.550 4.012 -0.156 -0.988 23.765 1.491 
73.000 27.241 3.061 -0.309 -0.951 28.273 2.867 
74.000 26.787 2.170 -0.454 -0.891 27.491 1.341 
75.000 26.199 1.361 -0.588 -0.809 25.366 0.865 
76.000 25.492 0.654 -0.707 -0.707 24.986 0.696 
77.000 24.683 0.066 -0.809 -0.588 25.717 -1.467 
78.000 23.792 -0.388 -0.891 -0.454 23.725 0.219 
79.000 22.841 -0.697 -0.951 -0.309 22.994 -0.115 
80.000 21.853 -0.853 -0.988 -0.156 24.760 -3.943 
81.000 20.853 -0.853 -1.000 0.000 19.755 1.569 
82.000 19.853 -0.853 -1.000 0.000 21.078 0.186 
83.000 18.853 -0.853 -1.000 0.000 20.188 -0.164 
84.000 17.853 -0.853 -1.000 0.000 17.900 -2.238 
85.000 16.853 -0.853 -1.000 0.000 19.082 -1.141 
86.000 15.853 -0.853 -1.000 0.000 12.468 -1.637 
87.000 14.853 -0.853 -1.000 0.000 14.101 -1.133 
88.000 13.853 -0.853 -1.000 0.000 14.448 -1.825 
89.000 12.853 -0.853 -1.000 0.000 12.093 -0.565 
90.000 11.853 -0.853 -1.000 0.000 12.546 -1.795 
91.000 10.853 -0.853 -1.000 0.000 11.243 -0.158 
92.000 9.853 -0.853 -1.000 0.000 9.514 0.580 
93.000 8.853 -0.853 -1.000 0.000 9.391 -0.133 
94.000 7.853 -0.853 -1.000 0.000 8.459 1.186 
95.000 6.853 -0.853 -1.000 0.000 8.628 -1.333 
96.000 5.853 -0.853 -1.000 0.000 -6.754 -4.563 
97.000 4.853 -0.853 -1.000 0.000 5.233 -0.260 
98.000 3.853 -0.853 -1.000 0.000 4.550 -1.337 
99.000 2.853 -0.853 -1.000 0.000 2.739 -2.660 
