0.000 0.000 0.000 0.000 0.000 -1.392 0.204 -1.390 0.204 -0.014 0.002 0.000 0.000 0.999 0.999 3.147 3.147 4.319 4.319 1.392 -0.204 1.407 30.163 30.163 42.657 -1.392 0.204 1.407 -1.390 0.204 1.405 -0.014 0.002 0.014 
1.000 0.000 1.000 0.000 1.000 -1.045 3.279 -1.075 3.021 0.607 5.315 0.290 2.481 0.957 0.957 3.784 3.784 5.034 5.034 -0.359 -3.073 3.094 3.453 3.453 4.883 -1.045 2.279 2.507 -1.075 2.021 2.289 0.607 4.315 4.358 
2.000 0.000 2.000 0.000 1.000 -0.858 2.385 -0.838 2.687 0.171 -3.275 -0.106 -3.365 0.974 0.974 3.327 3.327 4.594 4.594 0.390 5.951 5.964 4.437 4.437 6.275 -0.858 0.385 0.940 -0.838 0.687 1.084 0.171 -4.275 4.278 
3.000 0.000 3.000 0.000 1.000 -1.099 2.683 -1.073 2.488 -0.710 -0.774 -0.493 -0.024 0.970 0.970 3.261 3.261 4.579 4.579 0.432 -3.271 3.299 4.091 4.091 5.786 -1.099 -0.317 1.144 -1.073 -0.512 1.189 -0.710 -1.774 1.911 
4.000 0.000 4.000 0.000 1.000 0.538 4.152 0.394 4.001 3.005 3.623 1.737 2.269 0.969 0.969 3.224 3.224 4.553 4.553 -2.321 -2.438 3.366 4.020 4.020 5.685 0.538 0.152 0.559 0.394 0.001 0.394 3.005 2.623 3.989 
5.000 0.000 5.000 0.000 1.000 -1.065 4.564 -0.785 4.756 -3.332 0.358 -2.629 -0.831 0.968 0.968 3.219 3.219 4.552 4.552 4.465 3.060 5.412 3.995 3.995 5.649 -1.065 -0.436 1.151 -0.785 -0.244 0.822 -3.332 -0.642 3.393 
6.000 0.000 6.000 0.000 1.000 -1.011 4.570 -1.206 4.604 -0.337 -1.457 0.557 -1.259 0.968 0.968 3.214 3.214 4.549 4.549 -3.106 0.544 3.154 3.989 3.989 5.642 -1.011 -1.430 1.751 -1.206 -1.396 1.845 -0.337 -2.457 2.480 
7.000 0.000 7.000 0.000 1.000 -0.157 9.360 -0.244 8.969 2.729 8.529 1.806 4.713 0.968 0.968 3.214 3.214 4.549 4.549 -1.386 -6.213 6.366 3.986 3.986 5.637 -0.157 2.360 2.365 -0.244 1.969 1.984 2.729 7.529 8.008 
8.000 0.000 8.000 0.000 1.000 -1.584 6.504 -1.328 7.196 -2.830 -6.659 -2.204 -6.105 0.968 0.968 3.213 3.213 4.549 4.549 4.069 10.994 11.722 3.986 3.986 5.637 -1.584 -1.496 2.179 -1.328 -0.804 1.552 -2.830 -7.659 8.165 
9.000 0.000 9.000 0.000 1.000 0.799 8.386 0.487 7.892 3.939 1.443 2.682 1.892 0.968 0.968 3.213 3.213 4.549 4.549 -4.957 -7.849 9.283 3.985 3.985 5.636 0.799 -0.614 1.008 0.487 -1.108 1.210 3.939 0.443 3.963 
10.000 0.000 10.000 0.000 1.000 -1.208 9.839 -0.853 9.807 -3.577 4.248 -2.888 2.177 0.968 0.968 3.213 3.213 4.549 4.549 5.633 -0.504 5.656 3.985 3.985 5.636 -1.208 -0.161 1.219 -0.853 -0.193 0.875 -3.577 3.248 4.831 
11.000 0.000 11.000 0.000 1.000 0.785 9.523 0.457 9.808 2.975 -1.778 2.309 -2.306 0.968 0.968 3.213 3.213 4.549 4.549 -5.215 4.532 6.909 3.985 3.985 5.636 0.785 -1.477 1.673 0.457 -1.192 1.276 2.975 -2.778 4.070 
12.000 0.000 12.000 0.000 1.000 1.226 12.342 1.365 12.070 1.292 3.721 0.002 1.983 0.968 0.968 3.213 3.213 4.549 4.549 2.205 -4.312 4.843 3.985 3.985 5.636 1.226 0.342 1.273 1.365 0.070 1.367 1.292 2.721 3.012 
13.000 0.000 13.000 0.000 1.000 -0.880 13.535 -0.657 13.677 -5.108 1.620 -3.326 -0.339 0.968 0.968 3.213 3.213 4.549 4.549 3.536 2.257 4.195 3.985 3.985 5.636 -0.880 0.535 1.030 -0.657 0.677 0.944 -5.108 0.620 5.145 
14.000 0.000 14.000 0.000 1.000 -2.088 14.557 -2.320 14.604 -1.778 -0.058 0.467 -1.001 0.968 0.968 3.213 3.213 4.549 4.549 -3.677 0.740 3.751 3.985 3.985 5.636 -2.088 0.557 2.161 -2.320 0.604 2.397 -1.778 -1.058 2.069 
15.000 0.000 15.000 0.000 1.000 1.510 15.147 1.157 15.109 8.839 0.030 5.698 -0.335 0.968 0.968 3.213 3.213 4.549 4.549 -5.608 -0.602 5.640 3.985 3.985 5.636 1.510 0.147 1.517 1.157 0.109 1.162 8.839 -0.970 8.893 
16.000 0.000 16.000 0.000 1.000 3.918 18.766 4.301 18.538 3.535 6.261 -0.592 3.113 0.968 0.968 3.213 3.213 4.549 4.549 6.078 -3.627 7.078 3.985 3.985 5.636 3.918 2.766 4.796 4.301 2.538 4.994 3.535 5.261 6.338 
17.000 0.000 17.000 0.000 1.000 -0.812 17.072 -0.267 17.558 -12.711 -4.612 -8.672 -4.470 0.968 0.968 3.213 3.213 4.549 4.549 8.648 7.726 11.596 3.985 3.985 5.636 -0.812 0.072 0.815 -0.267 0.558 0.619 -12.711 -5.612 13.895 
18.000 0.000 18.000 0.000 1.000 -1.926 16.171 -2.622 15.968 -1.377 -3.245 2.597 -0.988 0.968 0.968 3.213 3.213 4.549 4.549 -11.052 -3.225 11.513 3.985 3.985 5.636 -1.926 -1.829 2.656 -2.622 -2.032 3.317 -1.377 -4.245 4.463 
19.000 0.000 19.000 0.000 1.000 -0.891 19.736 -1.087 19.294 6.846 8.462 5.263 5.712 0.968 0.968 3.213 3.213 4.549 4.549 -3.108 -7.014 7.671 3.985 3.985 5.636 -0.891 0.736 1.156 -1.087 0.294 1.126 6.846 7.462 10.126 
20.000 0.000 20.000 0.000 1.000 -0.794 20.753 -0.381 21.194 0.246 1.497 -1.431 -1.451 0.968 0.968 3.213 3.213 4.549 4.549 6.553 7.003 9.591 3.985 3.985 5.636 -0.794 0.753 1.094 -0.381 1.194 1.253 0.246 0.497 0.554 
21.000 0.000 21.000 0.000 1.000 1.213 19.185 1.128 19.406 1.255 -6.300 -0.020 -4.605 0.968 0.968 3.213 3.213 4.549 4.549 -1.348 3.506 3.756 3.985 3.985 5.636 1.213 -1.815 2.183 1.128 -1.594 1.953 1.255 -7.300 7.407 
22.000 0.156 21.988 0.156 0.988 1.109 21.185 1.189 20.676 -1.071 3.719 -1.217 3.459 0.968 0.968 3.213 3.213 4.549 4.549 1.274 -8.079 8.179 3.985 3.985 5.636 0.953 -0.803 1.246 1.033 -1.312 1.670 -1.227 2.731 2.994 
23.000 0.465 22.939 0.309 0.951 0.306 22.597 0.294 22.710 -1.948 3.923 -0.918 1.421 0.968 0.968 3.213 3.213 4.549 4.549 -0.188 1.798 1.808 3.985 3.985 5.636 -0.159 -0.342 0.377 -0.171 -0.229 0.285 -2.257 2.972 3.732 
24.000 0.919 23.830 0.454 0.891 4.045 18.862 3.686 19.351 7.449 -8.723 4.537 -6.036 0.968 0.968 3.213 3.213 4.549 4.549 -5.699 7.771 9.637 3.985 3.985 5.636 3.126 -4.968 5.870 2.767 -4.479 5.265 6.995 -9.614 11.890 
25.000 1.507 24.639 0.588 0.809 2.410 27.251 10.005 12.781 9.803 -10.599 2.948 -3.269 3.599 3.599 7.428 7.428 5.729 5.729 8.725 -16.623 18.774 3.985 3.985 5.636 0.903 2.612 2.764 8.498 -11.858 14.588 9.215 -11.408 14.665 
26.000 2.214 25.346 0.707 0.707 1.367 26.248 1.522 26.046 -7.705 12.827 -4.588 6.508 0.996 0.996 4.396 4.396 5.119 5.119 18.441 -24.066 30.319 10.916 10.916 15.438 -0.847 0.902 1.237 -0.692 0.700 0.985 -8.412 12.120 14.753 
27.000 3.023 25.934 0.809 0.588 2.450 26.607 2.083 27.128 3.680 -3.359 3.498 -4.980 0.979 0.979 3.225 3.225 4.567 4.567 -8.633 12.266 15.000 4.851 4.851 6.861 -0.573 0.673 0.884 -0.940 1.194 1.520 2.871 -3.947 4.881 
28.000 3.914 26.388 0.891 0.454 2.778 26.450 2.964 26.283 1.845 -3.549 0.399 -2.013 0.968 0.968 3.332 3.332 4.611 4.611 2.985 -2.681 4.012 4.008 4.008 5.668 -1.136 0.062 1.138 -0.950 -0.105 0.956 0.954 -4.003 4.115 
29.000 4.865 26.697 0.951 0.309 5.267 25.785 5.239 25.601 3.075 -0.025 0.787 1.041 0.969 0.969 3.214 3.214 4.551 4.551 -0.458 -3.051 3.085 4.076 4.076 5.765 0.402 -0.912 0.997 0.374 -1.096 1.158 2.124 -0.334 2.151 
30.000 5.853 26.853 0.988 0.156 5.777 26.740 5.937 26.667 -0.725 3.119 -1.675 2.029 0.968 0.968 3.226 3.226 4.555 4.555 2.538 -1.164 2.792 3.988 3.988 5.639 -0.076 -0.113 0.136 0.084 -0.186 0.204 -1.713 2.963 3.422 
31.000 6.853 26.853 1.000 0.000 6.743 24.839 6.647 25.149 0.373 -3.808 -0.067 -2.826 0.968 0.968 3.213 3.213 4.549 4.549 -1.531 4.947 5.178 3.995 3.995 5.650 -0.110 -2.014 2.017 -0.206 -1.704 1.716 -0.627 -3.808 3.860 
32.000 7.853 26.853 1.000 0.000 11.939 31.791 11.629 31.133 9.208 12.280 4.568 7.290 0.968 0.968 3.215 3.215 4.550 4.550 -4.919 -10.450 11.550 3.985 3.985 5.636 4.086 4.938 6.409 3.776 4.280 5.708 8.208 12.280 14.771 
33.000 8.853 26.853 1.000 0.000 7.807 26.836 19.149 41.265 10.514 15.420 2.415 4.404 3.600 3.600 7.429 7.429 5.729 5.729 13.031 16.577 21.086 3.986 3.986 5.637 -1.046 -0.017 1.046 10.296 14.412 17.712 9.514 15.420 18.119 
34.000 9.853 26.853 1.000 0.000 9.671 27.218 9.839 27.465 -9.245 -12.860 -5.675 -7.605 0.996 0.996 4.396 4.396 5.119 5.119 19.992 29.467 35.609 10.919 10.919 15.442 -0.182 0.365 0.408 -0.014 0.612 0.612 -10.245 -12.860 16.442 
35.000 10.853 26.853 1.000 0.000 10.397 27.954 9.980 27.387 3.218 4.232 3.554 4.949 0.979 0.979 3.225 3.225 4.567 4.567 -9.804 -13.349 16.562 4.852 4.852 6.861 -0.456 1.101 1.192 -0.873 0.534 1.023 2.218 4.232 4.778 
36.000 11.853 26.853 1.000 0.000 12.352 27.417 12.405 27.679 5.260 1.673 2.419 0.584 0.968 0.968 3.332 3.332 4.611 4.611 0.846 4.202 4.286 4.008 4.008 5.668 0.499 0.564 0.753 0.552 0.826 0.993 4.260 1.673 4.577 
37.000 12.853 26.853 1.000 0.000 12.589 28.074 12.894 28.151 -1.531 -0.062 -2.567 -0.669 0.969 0.969 3.214 3.214 4.551 4.551 5.075 1.278 5.234 4.076 4.076 5.765 -0.264 1.221 1.249 0.041 1.298 1.299 -2.531 -0.062 2.532 
38.000 13.853 26.853 1.000 0.000 14.310 27.960 14.125 27.968 1.229 -0.964 0.457 -0.723 0.968 0.968 3.226 3.226 4.555 4.555 -2.947 0.129 2.950 3.988 3.988 5.639 0.457 1.107 1.198 0.272 1.115 1.148 0.229 -0.964 0.991 
39.000 14.853 26.853 1.000 0.000 12.387 24.827 12.573 24.963 -3.685 -5.629 -2.378 -2.698 0.968 0.968 3.213 3.213 4.549 4.549 2.967 2.177 3.680 3.995 3.995 5.650 -2.466 -2.026 3.192 -2.280 -1.890 2.961 -4.685 -5.629 7.323 
40.000 15.853 26.853 1.000 0.000 16.360 16.867 15.890 17.022 7.460 -12.793 4.891 -4.750 0.968 0.968 3.215 3.215 4.550 4.550 -7.472 2.468 7.869 3.985 3.985 5.636 0.507 -9.986 9.999 0.037 -9.831 9.831 6.460 -12.793 14.332 
41.000 16.853 26.853 1.000 0.000 18.567 27.281 22.730 7.217 11.154 -11.772 3.779 -1.275 3.600 3.600 7.429 7.429 5.729 5.729 4.783 -23.052 23.543 3.986 3.986 5.637 1.714 0.428 1.767 5.877 -19.636 20.497 10.154 -11.772 15.546 
42.000 17.853 26.853 1.000 0.000 17.204 27.692 17.344 27.422 -3.568 22.721 -3.147 11.513 0.996 0.996 4.396 4.396 5.119 5.119 16.680 -32.247 36.305 10.919 10.919 15.442 -0.649 0.839 1.061 -0.509 0.569 0.763 -4.568 22.721 23.176 
43.000 18.853 26.853 1.000 0.000 17.924 26.501 14.539 45.794 -5.241 25.832 -2.129 6.350 4.289 4.289 8.689 8.689 5.975 5.975 -4.148 23.641 24.003 4.852 4.852 6.861 -0.929 -0.352 0.993 -4.314 18.941 19.426 -6.241 25.832 26.575 
44.000 19.853 26.853 1.000 0.000 20.773 27.993 20.704 28.256 4.706 -13.735 2.043 -9.336 0.997 0.997 4.549 4.549 5.212 5.212 -11.476 43.633 45.117 12.883 12.883 18.219 0.920 1.140 1.465 0.851 1.403 1.641 3.706 -13.735 14.226 
45.000 20.853 26.853 1.000 0.000 18.797 26.605 19.064 26.118 -5.509 -0.673 -3.972 2.214 0.980 0.980 3.226 3.226 4.568 4.568 6.613 -12.084 13.775 4.979 4.979 7.042 -2.056 -0.248 2.071 -1.789 -0.735 1.935 -6.509 -0.673 6.544 
46.000 21.853 26.853 1.000 0.000 22.267 28.117 21.725 27.951 6.070 6.311 4.437 4.450 0.968 0.968 3.342 3.342 4.616 4.616 -8.712 -2.672 9.113 4.009 4.009 5.670 0.414 1.264 1.330 -0.128 1.098 1.105 5.070 6.311 8.095 
47.000 22.841 26.697 0.988 -0.156 24.035 26.047 24.260 26.540 3.683 -4.148 0.482 -3.668 0.970 0.970 3.214 3.214 4.551 4.551 3.760 8.215 9.034 4.083 4.083 5.775 1.194 -0.650 1.359 1.419 -0.157 1.428 2.695 -3.992 4.817 
48.000 23.792 26.388 0.951 -0.309 22.755 28.338 23.081 27.964 -5.214 2.931 -4.439 2.282 0.968 0.968 3.227 3.227 4.556 4.556 5.189 -5.946 7.892 3.988 3.988 5.640 -1.037 1.950 2.209 -0.711 1.576 1.729 -6.165 3.240 6.964 
49.000 24.683 25.934 0.891 -0.454 24.544 26.502 24.126 26.777 2.436 -2.741 2.283 -2.078 0.968 0.968 3.213 3.213 4.549 4.549 -6.676 4.393 7.992 3.996 3.996 5.651 -0.139 0.568 0.585 -0.557 0.843 1.011 1.545 -2.287 2.760 
50.000 25.492 25.346 0.809 -0.588 24.378 24.798 24.515 24.750 0.767 -3.439 0.000 -1.153 0.968 0.968 3.215 3.215 4.550 4.550 2.184 -0.762 2.313 3.985 3.985 5.636 -1.114 -0.548 1.241 -0.977 -0.596 1.144 -0.042 -2.851 2.852 
51.000 26.199 24.639 0.707 -0.707 26.380 24.602 26.311 24.395 2.754 1.366 1.033 2.060 0.968 0.968 3.213 3.213 4.549 4.549 -1.098 -3.291 3.470 3.986 3.986 5.638 0.181 -0.037 0.185 0.112 -0.244 0.269 2.047 2.073 2.913 
52.000 26.787 23.830 0.588 -0.809 25.328 24.087 25.563 24.192 -2.977 0.396 -2.587 0.279 0.968 0.968 3.213 3.213 4.549 4.549 3.737 1.674 4.095 3.985 3.985 5.636 -1.459 0.257 1.481 -1.224 0.362 1.276 -3.565 1.205 3.763 
53.000 27.241 22.939 0.454 -0.891 26.748 22.217 26.486 22.366 1.969 -3.618 1.588 -1.981 0.968 0.968 3.213 3.213 4.549 4.549 -4.162 2.372 4.790 3.985 3.985 5.636 -0.493 -0.722 0.874 -0.755 -0.573 0.948 1.515 -2.727 3.120 
54.000 27.550 21.988 0.309 -0.951 28.671 21.890 28.657 21.692 3.948 0.088 1.633 1.174 0.968 0.968 3.213 3.213 4.549 4.549 -0.216 -3.142 3.149 3.985 3.985 5.636 1.121 -0.098 1.125 1.107 -0.296 1.146 3.639 1.039 3.785 
55.000 27.706 21.000 0.156 -0.988 27.413 20.288 27.740 20.382 -3.818 -1.439 -3.418 -0.348 0.968 0.968 3.213 3.213 4.549 4.549 5.193 1.492 5.403 3.985 3.985 5.636 -0.293 -0.712 0.770 0.034 -0.618 0.619 -3.974 -0.451 4.000 
56.000 27.706 20.000 0.000 -1.000 15.755 13.500 16.269 13.843 -22.019 -11.639 -10.762 -5.436 0.968 0.968 3.213 3.213 4.549 4.549 8.167 5.443 9.814 3.985 3.985 5.636 -11.951 -6.500 13.604 -11.437 -6.157 12.989 -22.019 -10.639 24.454 
57.000 27.706 19.000 0.000 -1.000 28.032 19.897 -1.374 4.496 -24.328 -12.647 -5.291 -2.590 3.599 3.599 7.428 7.428 5.729 5.729 -33.782 -17.693 38.135 3.985 3.985 5.636 0.326 0.897 0.954 -29.080 -14.504 32.496 -24.328 -11.647 26.972 
58.000 27.706 18.000 0.000 -1.000 27.323 17.636 3.019 5.816 2.510 0.388 6.612 3.200 7.360 7.360 9.266 9.266 5.877 5.877 -53.024 -25.788 58.962 10.916 10.916 15.438 -0.383 -0.364 0.528 -24.687 -12.184 27.530 2.510 1.388 2.868 
59.000 27.706 17.000 0.000 -1.000 28.642 18.093 28.554 18.048 28.001 13.299 11.323 5.643 0.998 0.998 6.165 6.165 5.641 5.641 -23.113 -11.889 25.992 16.193 16.193 22.900 0.936 1.093 1.439 0.848 1.048 1.348 28.001 14.299 31.440 
60.000 27.706 16.000 0.000 -1.000 27.236 13.214 48.082 26.107 24.311 9.658 3.965 1.229 5.376 5.376 9.943 9.943 6.118 6.118 29.318 18.133 34.473 6.453 6.453 9.126 -0.470 -2.786 2.825 20.376 10.107 22.745 24.311 10.658 26.544 
61.000 27.706 15.000 0.000 -1.000 29.309 16.462 29.495 16.546 -13.529 -7.843 -8.883 -4.473 0.998 0.998 4.965 4.965 5.386 5.386 43.084 19.303 47.211 15.204 15.204 21.502 1.603 1.462 2.170 1.789 1.546 2.364 -13.529 -6.843 15.162 
62.000 27.706 14.000 0.000 -1.000 27.315 12.685 26.918 12.546 -1.581 -5.006 1.597 -0.659 0.982 0.982 3.236 3.236 4.591 4.591 -11.349 -3.983 12.028 5.347 5.347 7.562 -0.391 -1.315 1.372 -0.788 -1.454 1.654 -1.581 -4.006 4.306 
63.000 27.706 13.000 0.000 -1.000 28.197 13.649 28.019 13.270 5.133 5.265 4.075 5.041 0.968 0.968 3.365 3.365 4.623 4.623 -2.860 -6.109 6.745 4.013 4.013 5.675 0.491 0.649 0.814 0.313 0.270 0.413 5.133 6.265 8.099 
64.000 27.706 12.000 0.000 -1.000 30.799 18.608 30.939 18.604 4.942 10.439 1.478 4.605 0.970 0.970 3.216 3.216 4.553 4.553 2.354 -0.074 2.355 4.103 4.103 5.803 3.093 6.608 7.296 3.233 6.604 7.352 4.942 11.439 12.461 
65.000 27.706 11.000 0.000 -1.000 28.777 11.139 34.959 26.720 4.642 10.564 0.407 1.817 3.602 3.602 7.431 7.431 5.732 5.732 7.104 17.904 19.262 3.988 3.988 5.640 1.071 0.139 1.080 7.253 15.720 17.313 4.642 11.564 12.461 
66.000 27.706 10.000 0.000 -1.000 28.580 8.976 28.672 9.213 -7.177 -19.020 -3.962 -9.479 0.996 0.996 4.404 4.404 5.121 5.121 11.021 28.308 30.378 10.920 10.920 15.443 0.874 -1.024 1.346 0.966 -0.787 1.246 -7.177 -18.020 19.397 
67.000 27.706 9.000 0.000 -1.000 29.650 8.525 22.999 -6.427 -8.235 -21.973 -2.180 -5.417 4.294 4.294 8.694 8.694 5.975 5.975 -8.155 -18.332 20.064 4.859 4.859 6.871 1.944 -0.475 2.001 -4.707 -15.427 16.129 -8.235 -20.973 22.532 
68.000 27.706 8.000 0.000 -1.000 24.750 8.668 24.690 8.445 0.088 11.598 1.479 7.898 0.997 0.997 4.552 4.552 5.214 5.214 -9.986 -37.068 38.389 12.893 12.893 18.234 -2.956 0.668 3.031 -3.016 0.445 3.049 0.088 12.598 12.598 
69.000 27.706 7.000 0.000 -1.000 26.251 7.666 26.192 8.165 4.297 -3.444 2.625 -3.763 0.980 0.980 3.226 3.226 4.568 4.568 -1.473 12.377 12.464 4.982 4.982 7.046 -1.455 0.666 1.600 -1.514 1.165 1.910 4.297 -2.444 4.943 
70.000 27.706 6.000 0.000 -1.000 27.522 5.152 27.707 5.125 1.626 -6.437 -0.366 -2.990 0.968 0.968 3.342 3.342 4.616 4.616 2.967 -0.431 2.998 4.009 4.009 5.670 -0.184 -0.848 0.868 0.001 -0.875 0.875 1.626 -5.437 5.675 
71.000 27.706 5.000 0.000 -1.000 28.622 5.652 28.665 5.234 -0.030 3.212 -0.994 3.814 0.970 0.970 3.214 3.214 4.551 4.551 0.711 -6.964 7.000 4.083 4.083 5.775 0.916 0.652 1.124 0.959 0.234 0.987 -0.030 4.212 4.212 
72.000 27.550 4.012 -0.156 -0.988 23.765 1.491 24.071 1.928 -9.825 -5.545 -5.466 -3.098 0.968 0.968 3.227 3.227 4.556 4.556 4.870 6.955 8.490 3.988 3.988 5.640 -3.785 -2.521 4.548 -3.479 -2.084 4.055 -9.669 -4.557 10.689 
73.000 27.241 3.061 -0.309 -0.951 28.273 2.867 16.072 -2.773 -11.765 -7.013 -3.088 -1.941 3.608 3.608 7.443 7.443 5.732 5.732 -14.027 -6.484 15.453 3.996 3.996 5.651 1.032 -0.194 1.050 -11.169 -5.834 12.601 -11.456 -6.062 12.961 
74.000 26.787 2.170 -0.454 -0.891 27.491 1.341 27.297 1.248 10.844 3.379 6.308 2.614 0.996 0.996 4.398 4.398 5.120 5.120 -23.184 -11.127 25.716 10.941 10.941 15.473 0.704 -0.829 1.088 0.510 -0.922 1.054 11.298 4.270 12.078 
75.000 26.199 1.361 -0.588 -0.809 25.366 0.865 25.908 1.025 -6.484 -0.967 -5.609 -0.970 0.979 0.979 3.225 3.225 4.567 4.567 12.775 3.762 13.317 4.853 4.853 6.864 -0.833 -0.496 0.969 -0.291 -0.336 0.444 -5.896 -0.158 5.899 
76.000 25.492 0.654 -0.707 -0.707 24.986 0.696 24.640 0.656 -2.155 -0.797 0.076 -0.285 0.968 0.968 3.333 3.333 4.611 4.611 -5.562 -0.638 5.599 4.008 4.008 5.668 -0.506 0.042 0.508 -0.852 0.002 0.852 -1.448 -0.090 1.451 
77.000 24.683 0.066 -0.809 -0.588 25.717 -1.467 25.522 -1.387 3.787 -3.489 3.089 -1.497 0.969 0.969 3.214 3.214 4.551 4.551 -3.232 1.326 3.494 4.076 4.076 5.765 1.034 -1.533 1.849 0.839 -1.453 1.678 4.596 -2.901 5.435 
78.000 23.792 -0.388 -0.891 -0.454 23.725 0.219 24.076 -0.101 -3.218 4.225 -2.463 3.438 0.968 0.968 3.226 3.226 4.555 4.555 5.584 -5.095 7.559 3.988 3.988 5.639 -0.067 0.607 0.611 0.284 0.287 0.404 -2.327 4.679 5.225 
79.000 22.841 -0.697 -0.951 -0.309 22.994 -0.115 22.860 0.151 -1.814 -0.011 -0.209 -0.891 0.968 0.968 3.213 3.213 4.549 4.549 -2.135 4.238 4.746 3.995 3.995 5.650 0.153 0.582 0.602 0.019 0.848 0.848 -0.863 0.298 0.914 
80.000 21.853 -0.853 -0.988 -0.156 24.760 -3.943 24.526 -3.686 4.699 -8.291 3.307 -4.644 0.968 0.968 3.215 3.215 4.550 4.550 -3.714 4.083 5.519 3.985 3.985 5.636 2.907 -3.090 4.242 2.673 -2.833 3.895 5.687 -8.135 9.926 
81.000 20.853 -0.853 -1.000 0.000 19.755 1.569 27.998 -10.222 5.635 -9.544 1.744 -2.416 3.600 3.600 7.429 7.429 5.729 5.729 9.470 -13.546 16.528 3.986 3.986 5.637 -1.098 2.422 2.659 7.145 -9.369 11.782 6.635 -9.544 11.624 
82.000 19.853 -0.853 -1.000 0.000 21.078 0.186 21.183 0.019 -6.547 10.170 -3.360 5.658 0.996 0.996 4.396 4.396 5.119 5.119 12.555 -19.951 23.573 10.919 10.919 15.442 1.225 1.039 1.606 1.330 0.872 1.590 -5.547 10.170 11.584 
83.000 18.853 -0.853 -1.000 0.000 20.188 -0.164 19.952 0.276 0.364 -3.325 1.881 -4.054 0.979 0.979 3.225 3.225 4.567 4.567 -5.552 10.352 11.747 4.852 4.852 6.861 1.335 0.689 1.502 1.099 1.129 1.576 1.364 -3.325 3.594 
84.000 17.853 -0.853 -1.000 0.000 17.900 -2.238 18.050 -2.289 -2.072 -5.929 -0.533 -2.901 0.968 0.968 3.332 3.332 4.611 4.611 2.417 -0.811 2.549 4.008 4.008 5.668 0.047 -1.385 1.386 0.197 -1.436 1.449 -1.072 -5.929 6.025 
85.000 16.853 -0.853 -1.000 0.000 19.082 -1.141 18.895 -1.567 3.027 4.012 2.421 4.004 0.969 0.969 3.214 3.214 4.551 4.551 -3.104 -7.077 7.728 4.076 4.076 5.765 2.229 -0.288 2.248 2.042 -0.714 2.163 4.027 4.012 5.684 
86.000 15.853 -0.853 -1.000 0.000 12.468 -1.637 13.063 -1.380 -11.641 0.637 -6.699 -0.230 0.968 0.968 3.226 3.226 4.555 4.555 9.454 4.082 10.298 3.988 3.988 5.639 -3.385 -0.784 3.475 -2.790 -0.527 2.840 -10.641 0.637 10.660 
87.000 14.853 -0.853 -1.000 0.000 14.101 -1.133 13.307 -1.109 4.617 -0.299 5.895 -0.573 0.968 0.968 3.213 3.213 4.549 4.549 -12.680 0.390 12.686 3.995 3.995 5.650 -0.752 -0.280 0.802 -1.546 -0.256 1.567 5.617 -0.299 5.625 
88.000 13.853 -0.853 -1.000 0.000 14.448 -1.825 14.667 -1.799 4.221 -1.628 2.035 -0.909 0.968 0.968 3.215 3.215 4.550 4.550 3.475 0.418 3.500 3.985 3.985 5.636 0.595 -0.972 1.140 0.814 -0.946 1.248 5.221 -1.628 5.469 
89.000 12.853 -0.853 -1.000 0.000 12.093 -0.565 12.521 -0.745 -6.044 2.643 -4.563 1.875 0.968 0.968 3.213 3.213 4.549 4.549 6.795 -2.862 7.373 3.986 3.986 5.637 -0.760 0.288 0.813 -0.332 0.108 0.349 -5.044 2.643 5.695 
90.000 11.853 -0.853 -1.000 0.000 12.546 -1.795 12.164 -1.562 0.379 -2.167 1.605 -1.788 0.968 0.968 3.213 3.213 4.549 4.549 -6.070 3.693 7.105 3.985 3.985 5.636 0.693 -0.942 1.169 0.311 -0.709 0.775 1.379 -2.167 2.568 
91.000 10.853 -0.853 -1.000 0.000 11.243 -0.158 11.325 -0.383 -0.368 2.509 0.222 1.752 0.968 0.968 3.213 3.213 4.549 4.549 1.300 -3.571 3.800 3.985 3.985 5.636 0.390 0.695 0.797 0.472 0.470 0.666 0.632 2.509 2.588 
92.000 9.853 -0.853 -1.000 0.000 9.514 0.580 9.605 0.677 -2.758 1.462 -1.158 0.121 0.968 0.968 3.213 3.213 4.549 4.549 1.442 1.546 2.115 3.985 3.985 5.636 -0.339 1.433 1.473 -0.248 1.530 1.550 -1.758 1.462 2.286 
93.000 8.853 -0.853 -1.000 0.000 9.391 -0.133 9.231 0.010 0.689 -2.530 1.352 -2.030 0.968 0.968 3.213 3.213 4.549 4.549 -2.544 2.272 3.411 3.985 3.985 5.636 0.538 0.720 0.899 0.378 0.863 0.942 1.689 -2.530 3.042 
94.000 7.853 -0.853 -1.000 0.000 8.459 1.186 8.551 0.953 -0.603 2.149 -0.158 1.661 0.968 0.968 3.213 3.213 4.549 4.549 1.461 -3.706 3.984 3.985 3.985 5.636 0.606 2.039 2.127 0.698 1.806 1.936 0.397 2.149 2.185 
95.000 6.853 -0.853 -1.000 0.000 8.628 -1.333 8.585 -1.054 0.470 -4.217 0.498 -2.678 0.968 0.968 3.213 3.213 4.549 4.549 -0.680 4.434 4.486 3.985 3.985 5.636 1.775 -0.480 1.839 1.732 -0.201 1.744 1.470 -4.217 4.466 
96.000 5.853 -0.853 -1.000 0.000 -6.754 -4.563 7.007 -5.179 -2.988 -6.718 -1.609 -2.318 3.599 3.599 7.428 7.428 5.729 5.729 15.809 -0.707 15.825 3.985 3.985 5.636 -12.607 -3.710 13.142 1.154 -4.326 4.477 -1.988 -6.718 7.006 
97.000 4.853 -0.853 -1.000 0.000 5.233 -0.260 5.223 -0.358 -3.250 3.872 -0.971 2.483 0.996 0.996 4.396 4.396 5.119 5.119 -1.214 -11.637 11.700 10.916 10.916 15.438 0.380 0.593 0.704 0.370 0.495 0.618 -2.250 3.872 4.478 
98.000 3.853 -0.853 -1.000 0.000 4.550 -1.337 4.440 -1.131 0.547 -2.621 1.403 -2.052 0.979 0.979 3.225 3.225 4.567 4.567 -2.578 4.851 5.494 4.851 4.851 6.861 0.697 -0.484 0.849 0.587 -0.278 0.650 1.547 -2.621 3.043 
99.000 2.853 -0.853 -1.000 0.000 2.739 -2.660 2.879 -2.728 -2.067 -2.722 -0.809 -0.841 0.968 0.968 3.332 3.332 4.611 4.611 2.249 -1.092 2.500 4.008 4.008 5.668 -0.114 -1.807 1.811 0.026 -1.875 1.875 -1.067 -2.722 2.924 
