0.000 0.000 0.000 0.000 0.000 -1.392 0.204 -1.390 0.204 -0.014 0.002 0.000 0.000 0.999 0.999 3.147 3.147 0.990 0.990 1.392 -0.204 1.407 30.163 30.163 42.657 -1.392 0.204 1.407 -1.390 0.204 1.405 -0.014 0.002 0.014 
1.000 0.000 1.000 0.000 1.000 -1.045 3.279 -1.075 3.021 0.315 2.811 0.029 0.250 0.957 0.957 1.700 1.700 0.939 0.939 -0.359 -3.073 3.094 3.453 3.453 4.883 -1.045 2.279 2.507 -1.075 2.021 2.289 0.315 1.811 1.839 
2.000 0.000 2.000 0.000 1.000 -0.858 2.385 -0.843 2.905 0.271 0.492 0.012 -0.336 0.922 0.922 1.485 1.485 0.821 0.821 0.098 3.448 3.449 2.576 2.576 3.643 -0.858 0.385 0.940 -0.843 0.905 1.237 0.271 -0.508 0.576 
3.000 0.000 3.000 0.000 1.000 -1.099 2.683 -1.004 2.812 -0.116 -0.385 -0.105 -0.492 0.905 0.905 1.364 1.364 0.621 0.621 0.527 0.713 0.887 2.355 2.355 3.330 -1.099 -0.317 1.144 -1.004 -0.188 1.021 -0.116 -1.385 1.390 
4.000 0.000 4.000 0.000 1.000 0.538 4.152 0.219 3.820 0.942 0.333 0.219 -0.151 0.899 0.899 1.139 1.139 0.426 0.426 -1.658 -1.726 2.393 2.280 2.280 3.224 0.538 0.152 0.559 0.219 -0.180 0.284 0.942 -0.667 1.154 
5.000 0.000 5.000 0.000 1.000 -1.065 4.564 -0.571 4.473 -0.153 0.425 -0.105 -0.090 0.882 0.882 0.918 0.918 0.289 0.289 2.226 -0.411 2.264 2.123 2.123 3.002 -1.065 -0.436 1.151 -0.571 -0.527 0.777 -0.153 -0.575 0.595 
6.000 0.000 6.000 0.000 1.000 -1.011 4.570 -0.936 4.656 -0.397 0.176 -0.134 -0.123 0.858 0.858 0.746 0.746 0.203 0.203 0.286 0.328 0.435 1.950 1.950 2.758 -1.011 -1.430 1.751 -0.936 -1.344 1.638 -0.397 -0.824 0.914 
7.000 0.000 7.000 0.000 1.000 -0.157 9.360 -0.518 7.971 -0.065 1.848 -0.044 0.218 0.833 0.833 0.619 0.619 0.150 0.150 -1.176 -4.528 4.678 1.806 1.806 2.553 -0.157 2.360 2.365 -0.518 0.971 1.100 -0.065 0.848 0.850 
8.000 0.000 8.000 0.000 1.000 -1.584 6.504 -1.235 7.659 -0.439 0.973 -0.099 0.031 0.807 0.807 0.526 0.526 0.115 0.115 1.002 3.315 3.463 1.694 1.694 2.396 -1.584 -1.496 2.179 -1.235 -0.341 1.281 -0.439 -0.027 0.440 
9.000 0.000 9.000 0.000 1.000 0.799 8.386 -0.157 8.481 0.151 0.935 0.006 0.021 0.783 0.783 0.456 0.456 0.092 0.092 -2.473 0.246 2.485 1.608 1.608 2.275 0.799 -0.614 1.008 -0.157 -0.519 0.542 0.151 -0.065 0.164 
10.000 0.000 10.000 0.000 1.000 -1.208 9.839 -0.703 9.661 -0.131 1.057 -0.034 0.034 0.761 0.761 0.405 0.405 0.077 0.077 1.202 -0.423 1.274 1.543 1.543 2.182 -1.208 -0.161 1.219 -0.703 -0.339 0.780 -0.131 0.057 0.143 
11.000 0.000 11.000 0.000 1.000 0.785 9.523 0.057 10.061 0.176 0.840 0.010 0.002 0.742 0.742 0.366 0.366 0.067 0.067 -1.619 1.196 2.013 1.491 1.491 2.109 0.785 -1.477 1.673 0.057 -0.939 0.941 0.176 -0.160 0.238 
12.000 0.000 12.000 0.000 1.000 1.226 12.342 0.754 11.657 0.372 1.113 0.031 0.034 0.725 0.725 0.337 0.337 0.060 0.060 -0.993 -1.442 1.750 1.451 1.451 2.052 1.226 0.342 1.273 0.754 -0.343 0.829 0.372 0.113 0.389 
13.000 0.000 13.000 0.000 1.000 -0.880 13.535 0.116 13.155 0.061 1.277 -0.006 0.047 0.710 0.710 0.315 0.315 0.055 0.055 2.007 -0.765 2.147 1.419 1.419 2.007 -0.880 0.535 1.030 0.116 0.155 0.194 0.061 0.277 0.284 
14.000 0.000 14.000 0.000 1.000 -2.088 14.557 -0.923 14.493 -0.302 1.344 -0.042 0.049 0.697 0.697 0.300 0.300 0.052 0.052 2.265 -0.125 2.269 1.394 1.394 1.972 -2.088 0.557 2.161 -0.923 0.493 1.046 -0.302 0.344 0.457 
15.000 0.000 15.000 0.000 1.000 1.510 15.147 0.063 15.512 0.060 1.291 -0.003 0.039 0.686 0.686 0.288 0.288 0.050 0.050 -2.734 0.690 2.820 1.375 1.375 1.944 1.510 0.147 1.517 0.063 0.512 0.516 0.060 0.291 0.297 
16.000 0.000 16.000 0.000 1.000 3.918 18.766 1.866 17.704 0.590 1.605 0.045 0.063 0.678 0.678 0.280 0.280 0.048 0.048 -3.794 -1.963 4.272 1.360 1.360 1.923 3.918 2.766 4.796 1.866 1.704 2.528 0.590 0.605 0.845 
17.000 0.000 17.000 0.000 1.000 -0.812 17.072 0.985 18.302 0.194 1.366 0.006 0.036 0.671 0.671 0.275 0.275 0.047 0.047 3.268 2.237 3.960 1.348 1.348 1.907 -0.812 0.072 0.815 0.985 1.302 1.633 0.194 0.366 0.414 
18.000 0.000 18.000 0.000 1.000 -1.926 16.171 -0.197 18.119 -0.207 0.944 -0.028 -0.003 0.666 0.666 0.271 0.271 0.047 0.047 3.105 3.497 4.677 1.340 1.340 1.895 -1.926 -1.829 2.656 -0.197 0.119 0.230 -0.207 -0.056 0.215 
19.000 0.000 19.000 0.000 1.000 -0.891 19.736 -0.617 19.357 -0.298 1.027 -0.033 0.004 0.662 0.662 0.269 0.269 0.046 0.046 0.487 -0.674 0.831 1.334 1.334 1.886 -0.891 0.736 1.156 -0.617 0.357 0.713 -0.298 0.027 0.299 
20.000 0.000 20.000 0.000 1.000 -0.794 20.753 -0.863 20.545 -0.315 1.078 -0.031 0.008 0.659 0.659 0.267 0.267 0.046 0.046 -0.121 -0.368 0.388 1.329 1.329 1.880 -0.794 0.753 1.094 -0.863 0.545 1.020 -0.315 0.078 0.325 
21.000 0.000 21.000 0.000 1.000 1.213 19.185 -0.146 20.571 -0.047 0.781 -0.007 -0.016 0.657 0.657 0.266 0.266 0.046 0.046 -2.391 2.438 3.415 1.326 1.326 1.876 1.213 -1.815 2.183 -0.146 -0.429 0.453 -0.047 -0.219 0.224 
22.000 0.156 21.988 0.156 0.988 1.109 21.185 0.366 21.280 0.109 0.743 0.006 -0.018 0.655 0.655 0.265 0.265 0.045 0.045 -1.302 0.167 1.313 1.324 1.324 1.873 0.953 -0.803 1.246 0.210 -0.708 0.739 -0.047 -0.245 0.249 
23.000 0.465 22.939 0.309 0.951 0.306 22.597 0.403 22.269 0.094 0.797 0.004 -0.012 0.655 0.655 0.265 0.265 0.045 0.045 0.169 -0.574 0.598 1.323 1.323 1.871 -0.159 -0.342 0.377 -0.062 -0.670 0.673 -0.215 -0.154 0.265 
24.000 0.919 23.830 0.454 0.891 4.045 18.862 0.523 23.035 0.105 0.776 0.005 -0.013 0.861 0.861 0.311 0.311 0.047 0.047 -3.549 4.204 5.502 1.322 1.322 1.869 3.126 -4.968 5.870 -0.396 -0.795 0.888 -0.349 -0.115 0.367 
25.000 1.507 24.639 0.588 0.809 2.410 27.251 1.624 25.734 0.379 1.283 0.025 0.027 0.748 0.748 0.275 0.275 0.046 0.046 -1.782 -3.440 3.874 1.506 1.506 2.130 0.903 2.612 2.764 0.117 1.095 1.101 -0.209 0.474 0.518 
26.000 2.214 25.346 0.707 0.707 1.367 26.248 1.696 26.645 0.322 1.210 0.018 0.019 0.695 0.695 0.266 0.266 0.045 0.045 0.637 0.769 0.998 1.392 1.392 1.968 -0.847 0.902 1.237 -0.518 1.299 1.399 -0.385 0.503 0.634 
27.000 3.023 25.934 0.809 0.588 2.450 26.607 2.211 27.295 0.393 1.076 0.022 0.007 0.670 0.670 0.265 0.265 0.045 0.045 -0.433 1.248 1.321 1.347 1.347 1.904 -0.573 0.673 0.884 -0.812 1.361 1.585 -0.416 0.488 0.641 
28.000 3.914 26.388 0.891 0.454 2.778 26.450 2.680 27.540 0.437 0.850 0.024 -0.011 0.658 0.658 0.266 0.266 0.045 0.045 -0.173 1.921 1.929 1.328 1.328 1.878 -1.136 0.062 1.138 -1.234 1.152 1.688 -0.454 0.396 0.603 
29.000 4.865 26.697 0.951 0.309 5.267 25.785 4.035 27.277 0.723 0.521 0.044 -0.035 0.654 0.654 0.267 0.267 0.045 0.045 -2.151 2.605 3.378 1.321 1.321 1.869 0.402 -0.912 0.997 -0.830 0.580 1.012 -0.228 0.212 0.311 
30.000 5.853 26.853 0.988 0.156 5.777 26.740 5.193 27.347 0.893 0.355 0.053 -0.045 0.653 0.653 0.267 0.267 0.045 0.045 -1.018 1.058 1.468 1.320 1.320 1.867 -0.076 -0.113 0.136 -0.660 0.494 0.824 -0.095 0.199 0.221 
31.000 6.853 26.853 1.000 0.000 6.743 24.839 6.366 26.480 1.028 -0.046 0.059 -0.072 0.653 0.653 0.267 0.267 0.045 0.045 -0.657 2.863 2.937 1.321 1.321 1.868 -0.110 -2.014 2.017 -0.487 -0.373 0.613 0.028 -0.046 0.053 
32.000 7.853 26.853 1.000 0.000 11.939 31.791 7.428 26.474 1.096 -0.106 0.059 -0.070 0.861 0.861 0.312 0.312 0.047 0.047 -4.545 -5.357 7.025 1.322 1.322 1.869 4.086 4.938 6.409 -0.425 -0.379 0.570 0.096 -0.106 0.143 
33.000 8.853 26.853 1.000 0.000 7.807 26.836 8.123 26.630 1.046 -0.105 0.050 -0.064 0.748 0.748 0.276 0.276 0.045 0.045 0.717 -0.468 0.856 1.507 1.507 2.131 -1.046 -0.017 1.046 -0.730 -0.223 0.764 0.046 -0.105 0.115 
34.000 9.853 26.853 1.000 0.000 9.671 27.218 9.412 26.860 1.162 -0.080 0.055 -0.057 0.696 0.696 0.266 0.266 0.045 0.045 -0.502 -0.694 0.856 1.393 1.393 1.969 -0.182 0.365 0.408 -0.441 0.007 0.441 0.162 -0.080 0.180 
35.000 10.853 26.853 1.000 0.000 10.397 27.954 10.495 27.308 1.195 0.007 0.052 -0.046 0.670 0.670 0.265 0.265 0.045 0.045 0.177 -1.173 1.187 1.347 1.347 1.905 -0.456 1.101 1.192 -0.358 0.455 0.579 0.195 0.007 0.195 
36.000 11.853 26.853 1.000 0.000 12.352 27.417 11.977 27.359 1.328 -0.026 0.058 -0.044 0.658 0.658 0.266 0.266 0.045 0.045 -0.663 -0.102 0.670 1.328 1.328 1.879 0.499 0.564 0.753 0.124 0.506 0.521 0.328 -0.026 0.329 
37.000 12.853 26.853 1.000 0.000 12.589 28.074 12.998 27.650 1.298 0.021 0.051 -0.037 0.654 0.654 0.267 0.267 0.045 0.045 0.715 -0.741 1.030 1.322 1.322 1.869 -0.264 1.221 1.249 0.145 0.797 0.810 0.298 0.021 0.299 
38.000 13.853 26.853 1.000 0.000 14.310 27.960 14.302 27.794 1.351 0.020 0.050 -0.034 0.653 0.653 0.267 0.267 0.045 0.045 -0.013 -0.289 0.290 1.320 1.320 1.867 0.457 1.107 1.198 0.449 0.941 1.043 0.351 0.020 0.351 
39.000 14.853 26.853 1.000 0.000 12.387 24.827 14.259 26.539 0.995 -0.385 0.019 -0.062 0.653 0.653 0.267 0.267 0.045 0.045 3.266 2.987 4.426 1.321 1.321 1.868 -2.466 -2.026 3.192 -0.594 -0.314 0.672 -0.005 -0.385 0.385 
40.000 15.853 26.853 1.000 0.000 16.360 16.867 15.263 26.085 1.016 -0.467 0.019 -0.063 0.861 0.861 0.312 0.312 0.047 0.047 -1.106 9.287 9.353 1.322 1.322 1.869 0.507 -9.986 9.999 -0.590 -0.768 0.968 0.016 -0.467 0.467 
41.000 16.853 26.853 1.000 0.000 18.567 27.281 17.559 26.549 1.382 -0.278 0.044 -0.043 0.748 0.748 0.276 0.276 0.045 0.045 -2.288 -1.663 2.828 1.507 1.507 2.131 1.714 0.428 1.767 0.706 -0.304 0.769 0.382 -0.278 0.472 
42.000 17.853 26.853 1.000 0.000 17.204 27.692 18.100 26.959 1.201 -0.136 0.027 -0.029 0.696 0.696 0.266 0.266 0.045 0.045 1.737 -1.421 2.244 1.392 1.392 1.969 -0.649 0.839 1.061 0.247 0.106 0.269 0.201 -0.136 0.243 
43.000 18.853 26.853 1.000 0.000 17.924 26.501 18.682 26.678 1.059 -0.205 0.014 -0.032 0.670 0.670 0.265 0.265 0.045 0.045 1.376 0.322 1.414 1.347 1.347 1.905 -0.929 -0.352 0.993 -0.171 -0.175 0.244 0.059 -0.205 0.213 
44.000 19.853 26.853 1.000 0.000 20.773 27.993 20.188 27.132 1.198 -0.052 0.023 -0.017 0.658 0.658 0.266 0.266 0.045 0.045 -1.032 -1.520 1.837 1.328 1.328 1.879 0.920 1.140 1.465 0.335 0.279 0.436 0.198 -0.052 0.205 
45.000 20.853 26.853 1.000 0.000 18.797 26.605 20.279 26.877 0.905 -0.128 -0.001 -0.022 0.654 0.654 0.267 0.267 0.045 0.045 2.589 0.475 2.633 1.322 1.322 1.869 -2.056 -0.248 2.071 -0.574 0.024 0.574 -0.095 -0.128 0.159 
46.000 21.853 26.853 1.000 0.000 22.267 28.117 21.646 27.332 1.037 0.019 0.009 -0.008 0.653 0.653 0.267 0.267 0.045 0.045 -1.083 -1.368 1.745 1.320 1.320 1.867 0.414 1.264 1.330 -0.207 0.479 0.522 0.037 0.019 0.042 
47.000 22.841 26.697 0.988 -0.156 24.035 26.047 23.260 26.795 1.215 -0.151 0.022 -0.021 0.653 0.653 0.267 0.267 0.045 0.045 -1.352 1.305 1.879 1.321 1.321 1.868 1.194 -0.650 1.359 0.419 0.098 0.431 0.227 0.005 0.227 
48.000 23.792 26.388 0.951 -0.309 22.755 28.338 23.740 27.368 1.023 0.039 0.005 -0.004 0.654 0.654 0.266 0.266 0.045 0.045 1.720 -1.694 2.414 1.322 1.322 1.869 -1.037 1.950 2.209 -0.052 0.980 0.981 0.072 0.348 0.355 
49.000 24.683 25.934 0.891 -0.454 24.544 26.502 24.669 27.020 1.001 -0.078 0.003 -0.013 0.654 0.654 0.266 0.266 0.045 0.045 0.218 0.905 0.931 1.322 1.322 1.869 -0.139 0.568 0.585 -0.014 1.086 1.086 0.110 0.376 0.392 
50.000 25.492 25.346 0.809 -0.588 24.378 24.798 25.117 26.025 0.844 -0.357 -0.009 -0.033 0.654 0.654 0.265 0.265 0.045 0.045 1.292 2.144 2.503 1.322 1.322 1.869 -1.114 -0.548 1.241 -0.375 0.679 0.776 0.035 0.231 0.233 
51.000 26.199 24.639 0.707 -0.707 26.380 24.602 26.140 25.213 0.886 -0.523 -0.005 -0.043 0.654 0.654 0.265 0.265 0.045 0.045 -0.419 1.066 1.145 1.321 1.321 1.869 0.181 -0.037 0.185 -0.059 0.574 0.577 0.179 0.184 0.257 
52.000 26.787 23.830 0.588 -0.809 25.328 24.087 26.301 24.433 0.671 -0.640 -0.021 -0.049 0.653 0.653 0.264 0.264 0.045 0.045 1.699 0.603 1.802 1.321 1.321 1.868 -1.459 0.257 1.481 -0.486 0.603 0.774 0.083 0.169 0.188 
53.000 27.241 22.939 0.454 -0.891 26.748 22.217 26.877 23.120 0.622 -0.883 -0.023 -0.063 0.653 0.653 0.264 0.264 0.045 0.045 0.225 1.575 1.591 1.321 1.321 1.868 -0.493 -0.722 0.874 -0.364 0.181 0.407 0.168 0.008 0.169 
54.000 27.550 21.988 0.309 -0.951 28.671 21.890 27.999 22.089 0.744 -0.989 -0.012 -0.066 0.653 0.653 0.264 0.264 0.045 0.045 -1.172 0.347 1.222 1.320 1.320 1.867 1.121 -0.098 1.125 0.449 0.101 0.460 0.435 -0.038 0.437 
55.000 27.706 21.000 0.156 -0.988 27.413 20.288 28.176 20.754 0.568 -1.155 -0.024 -0.073 0.653 0.653 0.264 0.264 0.045 0.045 1.330 0.812 1.558 1.320 1.320 1.867 -0.293 -0.712 0.770 0.470 -0.246 0.531 0.412 -0.167 0.445 
56.000 27.706 20.000 0.000 -1.000 15.755 13.500 28.648 19.554 0.516 -1.241 -0.026 -0.073 0.859 0.859 0.310 0.310 0.047 0.047 12.989 6.099 14.350 1.320 1.320 1.867 -11.951 -6.500 13.604 0.942 -0.446 1.043 0.516 -0.241 0.570 
57.000 27.706 19.000 0.000 -1.000 28.032 19.897 28.533 19.196 0.320 -1.076 -0.039 -0.054 0.747 0.747 0.275 0.275 0.045 0.045 1.133 -1.584 1.947 1.503 1.503 2.126 0.326 0.897 0.954 0.827 0.196 0.850 0.320 -0.076 0.328 
58.000 27.706 18.000 0.000 -1.000 27.323 17.636 28.114 17.887 0.084 -1.193 -0.053 -0.059 0.695 0.695 0.265 0.265 0.045 0.045 1.530 0.485 1.605 1.391 1.391 1.967 -0.383 -0.364 0.528 0.408 -0.113 0.424 0.084 -0.193 0.210 
59.000 27.706 17.000 0.000 -1.000 28.642 18.093 28.397 17.321 0.085 -1.080 -0.048 -0.045 0.669 0.669 0.264 0.264 0.045 0.045 -0.444 -1.399 1.468 1.346 1.346 1.903 0.936 1.093 1.439 0.691 0.321 0.762 0.085 -0.080 0.117 
60.000 27.706 16.000 0.000 -1.000 27.236 13.214 27.943 14.931 -0.115 -1.492 -0.059 -0.073 0.658 0.658 0.266 0.266 0.045 0.045 1.246 3.027 3.273 1.328 1.328 1.877 -0.470 -2.786 2.825 0.237 -1.069 1.095 -0.115 -0.492 0.505 
61.000 27.706 15.000 0.000 -1.000 29.309 16.462 28.461 14.730 0.007 -1.195 -0.045 -0.044 0.654 0.654 0.267 0.267 0.045 0.045 -1.481 -3.023 3.366 1.321 1.321 1.868 1.603 1.462 2.170 0.755 -0.270 0.801 0.007 -0.195 0.196 
62.000 27.706 14.000 0.000 -1.000 27.315 12.685 27.976 13.173 -0.180 -1.344 -0.055 -0.051 0.653 0.653 0.267 0.267 0.045 0.045 1.153 0.850 1.432 1.320 1.320 1.867 -0.391 -1.315 1.372 0.270 -0.827 0.870 -0.180 -0.344 0.388 
63.000 27.706 13.000 0.000 -1.000 28.197 13.649 27.967 12.606 -0.186 -1.169 -0.051 -0.033 0.653 0.653 0.267 0.267 0.045 0.045 -0.401 -1.820 1.864 1.321 1.321 1.868 0.491 0.649 0.814 0.261 -0.394 0.473 -0.186 -0.169 0.251 
64.000 27.706 12.000 0.000 -1.000 30.799 18.608 27.804 11.490 -0.230 -1.187 -0.050 -0.032 0.861 0.861 0.312 0.312 0.047 0.047 -3.018 -7.171 7.781 1.322 1.322 1.869 3.093 6.608 7.296 0.098 -0.510 0.520 -0.230 -0.187 0.297 
65.000 27.706 11.000 0.000 -1.000 28.777 11.139 28.247 10.771 -0.098 -1.092 -0.036 -0.022 0.748 0.748 0.276 0.276 0.045 0.045 -1.204 -0.836 1.466 1.507 1.507 2.131 1.071 0.139 1.080 0.541 -0.229 0.587 -0.098 -0.092 0.134 
66.000 27.706 10.000 0.000 -1.000 28.580 8.976 28.358 9.339 -0.078 -1.205 -0.031 -0.029 0.696 0.696 0.266 0.266 0.045 0.045 -0.431 0.703 0.825 1.392 1.392 1.969 0.874 -1.024 1.346 0.652 -0.661 0.928 -0.078 -0.205 0.219 
67.000 27.706 9.000 0.000 -1.000 29.650 8.525 28.895 8.309 0.059 -1.185 -0.018 -0.025 0.670 0.670 0.265 0.265 0.045 0.045 -1.370 -0.391 1.425 1.347 1.347 1.905 1.944 -0.475 2.001 1.189 -0.691 1.375 0.059 -0.185 0.195 
68.000 27.706 8.000 0.000 -1.000 24.750 8.668 27.133 7.793 -0.470 -1.022 -0.057 -0.010 0.658 0.658 0.266 0.266 0.045 0.045 4.204 -1.544 4.479 1.328 1.328 1.879 -2.956 0.668 3.031 -0.573 -0.207 0.610 -0.470 -0.022 0.470 
69.000 27.706 7.000 0.000 -1.000 26.251 7.666 26.487 7.153 -0.577 -0.923 -0.060 -0.002 0.654 0.654 0.267 0.267 0.045 0.045 0.412 -0.896 0.986 1.322 1.322 1.869 -1.455 0.666 1.600 -1.219 0.153 1.229 -0.577 0.077 0.582 
70.000 27.706 6.000 0.000 -1.000 27.522 5.152 26.597 5.771 -0.439 -1.058 -0.044 -0.012 0.653 0.653 0.267 0.267 0.045 0.045 -1.613 1.078 1.940 1.320 1.320 1.867 -0.184 -0.848 0.868 -1.109 -0.229 1.133 -0.439 -0.058 0.442 
71.000 27.706 5.000 0.000 -1.000 28.622 5.652 27.210 5.114 -0.177 -0.953 -0.020 -0.003 0.653 0.653 0.267 0.267 0.045 0.045 -2.464 -0.939 2.637 1.321 1.321 1.868 0.916 0.652 1.124 -0.496 0.114 0.509 -0.177 0.047 0.183 
72.000 27.550 4.012 -0.156 -0.988 23.765 1.491 25.636 3.020 -0.604 -1.288 -0.052 -0.028 0.654 0.654 0.266 0.266 0.045 0.045 3.268 2.670 4.220 1.322 1.322 1.869 -3.785 -2.521 4.548 -1.914 -0.992 2.156 -0.448 -0.300 0.539 
73.000 27.241 3.061 -0.309 -0.951 28.273 2.867 26.418 2.217 -0.253 -1.175 -0.020 -0.017 0.654 0.654 0.266 0.266 0.045 0.045 -3.241 -1.135 3.434 1.322 1.322 1.869 1.032 -0.194 1.050 -0.823 -0.844 1.179 0.056 -0.224 0.231 
74.000 26.787 2.170 -0.454 -0.891 27.491 1.341 26.732 1.170 -0.108 -1.155 -0.007 -0.014 0.654 0.654 0.265 0.265 0.045 0.045 -1.326 -0.299 1.359 1.322 1.322 1.869 0.704 -0.829 1.088 -0.055 -1.000 1.001 0.346 -0.264 0.435 
75.000 26.199 1.361 -0.588 -0.809 25.366 0.865 26.086 0.378 -0.271 -1.064 -0.019 -0.006 0.654 0.654 0.265 0.265 0.045 0.045 1.258 -0.850 1.518 1.321 1.321 1.869 -0.833 -0.496 0.969 -0.113 -0.983 0.989 0.317 -0.255 0.407 
76.000 25.492 0.654 -0.707 -0.707 24.986 0.696 25.461 -0.096 -0.393 -0.899 -0.027 0.007 0.653 0.653 0.264 0.264 0.045 0.045 0.829 -1.382 1.611 1.321 1.321 1.868 -0.506 0.042 0.508 -0.031 -0.750 0.750 0.314 -0.192 0.368 
77.000 24.683 0.066 -0.809 -0.588 25.717 -1.467 25.345 -1.196 -0.339 -0.950 -0.020 0.003 0.653 0.653 0.264 0.264 0.045 0.045 -0.648 0.472 0.802 1.321 1.321 1.868 1.034 -1.533 1.849 0.662 -1.262 1.425 0.470 -0.362 0.593 
78.000 23.792 -0.388 -0.891 -0.454 23.725 0.219 24.460 -1.138 -0.518 -0.655 -0.032 0.025 0.653 0.653 0.264 0.264 0.045 0.045 1.281 -2.365 2.690 1.320 1.320 1.867 -0.067 0.607 0.611 0.668 -0.750 1.004 0.373 -0.201 0.424 
79.000 22.841 -0.697 -0.951 -0.309 22.994 -0.115 23.538 -1.078 -0.667 -0.423 -0.041 0.041 0.653 0.653 0.264 0.264 0.045 0.045 0.948 -1.678 1.928 1.320 1.320 1.867 0.153 0.582 0.602 0.697 -0.381 0.794 0.284 -0.114 0.306 
80.000 21.853 -0.853 -0.988 -0.156 24.760 -3.943 23.676 -2.542 -0.475 -0.683 -0.023 0.017 0.653 0.653 0.264 0.264 0.045 0.045 -1.889 2.442 3.087 1.320 1.320 1.867 2.907 -3.090 4.242 1.823 -1.689 2.485 0.513 -0.527 0.736 
81.000 20.853 -0.853 -1.000 0.000 19.755 1.569 23.176 -3.190 -0.505 -0.656 -0.023 0.018 0.859 0.859 0.310 0.310 0.047 0.047 3.446 -4.794 5.904 1.320 1.320 1.867 -1.098 2.422 2.659 2.323 -2.337 3.295 0.495 -0.656 0.822 
82.000 19.853 -0.853 -1.000 0.000 21.078 0.186 21.783 -1.598 -0.767 -0.032 -0.041 0.063 0.747 0.747 0.275 0.275 0.045 0.045 1.593 -4.032 4.335 1.503 1.503 2.126 1.225 1.039 1.606 1.930 -0.745 2.069 0.233 -0.032 0.235 
83.000 18.853 -0.853 -1.000 0.000 20.188 -0.164 20.616 -0.922 -0.915 0.221 -0.048 0.077 0.695 0.695 0.265 0.265 0.045 0.045 0.828 -1.466 1.683 1.391 1.391 1.967 1.335 0.689 1.502 1.763 -0.069 1.764 0.085 0.221 0.237 
84.000 17.853 -0.853 -1.000 0.000 17.900 -2.238 18.894 -1.390 -1.183 0.110 -0.064 0.062 0.669 0.669 0.264 0.264 0.045 0.045 1.801 1.537 2.368 1.346 1.346 1.903 0.047 -1.385 1.386 1.041 -0.537 1.171 -0.183 0.110 0.214 
85.000 16.853 -0.853 -1.000 0.000 19.082 -1.141 18.304 -1.220 -1.081 0.188 -0.051 0.062 0.658 0.658 0.266 0.266 0.045 0.045 -1.371 -0.139 1.378 1.328 1.328 1.877 2.229 -0.288 2.248 1.451 -0.367 1.497 -0.081 0.188 0.205 
86.000 15.853 -0.853 -1.000 0.000 12.468 -1.637 17.187 -1.036 -1.143 0.249 -0.051 0.062 0.860 0.860 0.311 0.311 0.047 0.047 4.755 0.605 4.793 1.321 1.321 1.868 -3.385 -0.784 3.475 1.334 -0.183 1.347 -0.143 0.249 0.287 
87.000 14.853 -0.853 -1.000 0.000 14.101 -1.133 14.961 -0.980 -1.485 0.259 -0.073 0.057 0.747 0.747 0.277 0.277 0.045 0.045 1.944 0.346 1.974 1.503 1.503 2.126 -0.752 -0.280 0.802 0.108 -0.127 0.167 -0.485 0.259 0.550 
88.000 13.853 -0.853 -1.000 0.000 14.448 -1.825 13.945 -1.254 -1.432 0.173 -0.062 0.046 0.695 0.695 0.268 0.268 0.045 0.045 -0.972 1.104 1.471 1.391 1.391 1.967 0.595 -0.972 1.140 0.092 -0.401 0.412 -0.432 0.173 0.465 
89.000 12.853 -0.853 -1.000 0.000 12.093 -0.565 12.325 -0.850 -1.546 0.282 -0.066 0.050 0.670 0.670 0.266 0.266 0.045 0.045 0.420 -0.516 0.666 1.347 1.347 1.905 -0.760 0.288 0.813 -0.528 0.003 0.528 -0.546 0.282 0.615 
90.000 11.853 -0.853 -1.000 0.000 12.546 -1.795 11.545 -1.100 -1.396 0.183 -0.049 0.038 0.659 0.659 0.267 0.267 0.045 0.045 -1.768 1.228 2.152 1.329 1.329 1.879 0.693 -0.942 1.169 -0.308 -0.247 0.395 -0.396 0.183 0.436 
91.000 10.853 -0.853 -1.000 0.000 11.243 -0.158 10.618 -0.592 -1.310 0.314 -0.038 0.045 0.655 0.655 0.268 0.268 0.045 0.045 -1.094 -0.759 1.331 1.323 1.323 1.871 0.390 0.695 0.797 -0.235 0.261 0.351 -0.310 0.314 0.441 
92.000 9.853 -0.853 -1.000 0.000 9.514 0.580 9.396 0.089 -1.322 0.466 -0.035 0.053 0.654 0.654 0.268 0.268 0.045 0.045 -0.206 -0.858 0.882 1.321 1.321 1.869 -0.339 1.433 1.473 -0.457 0.942 1.047 -0.322 0.466 0.566 
93.000 8.853 -0.853 -1.000 0.000 9.391 -0.133 8.637 0.261 -1.194 0.433 -0.022 0.046 0.654 0.654 0.267 0.267 0.045 0.045 -1.317 0.687 1.486 1.322 1.322 1.869 0.538 0.720 0.899 -0.216 1.114 1.134 -0.194 0.433 0.474 
94.000 7.853 -0.853 -1.000 0.000 8.459 1.186 7.878 0.904 -1.089 0.540 -0.012 0.050 0.654 0.654 0.266 0.266 0.045 0.045 -1.016 -0.493 1.129 1.322 1.322 1.870 0.606 2.039 2.127 0.025 1.757 1.757 -0.089 0.540 0.547 
95.000 6.853 -0.853 -1.000 0.000 8.628 -1.333 7.576 0.256 -0.873 0.244 0.005 0.023 0.654 0.654 0.266 0.266 0.045 0.045 -1.840 2.777 3.331 1.322 1.322 1.870 1.775 -0.480 1.839 0.723 1.109 1.323 0.127 0.244 0.275 
96.000 5.853 -0.853 -1.000 0.000 -6.754 -4.563 6.603 0.462 -0.897 0.256 0.003 0.022 0.861 0.861 0.311 0.311 0.047 0.047 13.457 5.063 14.378 1.322 1.322 1.869 -12.607 -3.710 13.142 0.750 1.315 1.514 0.103 0.256 0.276 
97.000 4.853 -0.853 -1.000 0.000 5.233 -0.260 5.442 0.171 -0.965 0.130 -0.002 0.011 0.748 0.748 0.275 0.275 0.045 0.045 0.473 0.979 1.087 1.506 1.506 2.130 0.380 0.593 0.704 0.589 1.024 1.181 0.035 0.130 0.135 
98.000 3.853 -0.853 -1.000 0.000 4.550 -1.337 4.512 -0.491 -0.958 -0.071 -0.002 -0.005 0.696 0.696 0.266 0.266 0.045 0.045 -0.074 1.639 1.640 1.392 1.392 1.968 0.697 -0.484 0.849 0.659 0.362 0.752 0.042 -0.071 0.083 
99.000 2.853 -0.853 -1.000 0.000 2.739 -2.660 3.188 -1.503 -1.059 -0.333 -0.009 -0.025 0.670 0.670 0.264 0.264 0.045 0.045 0.815 2.098 2.250 1.346 1.346 1.904 -0.114 -1.807 1.811 0.335 -0.650 0.731 -0.059 -0.333 0.338 
