0.000 0.000 0.000 0.000 0.000 -1.392 0.204 -1.392 0.204 -0.014 0.002 0.000 0.000 0.100 0.100 3.147 3.147 0.902 0.902 1.392 -0.204 1.407 30.147 30.147 42.634 -1.392 0.204 1.407 -1.392 0.204 1.407 -0.014 0.002 0.014 
1.000 0.000 1.000 0.000 1.000 -1.045 3.279 -1.045 3.276 0.379 3.347 0.029 0.249 0.100 0.100 0.869 0.869 0.772 0.772 -0.361 -3.073 3.094 3.150 3.150 4.455 -1.045 2.279 2.507 -1.045 2.276 2.504 0.379 2.347 2.377 
2.000 0.000 2.000 0.000 1.000 -0.858 2.385 -0.751 4.756 0.254 0.195 -0.038 -1.190 0.664 0.664 1.239 1.239 0.534 0.534 0.192 4.238 4.242 0.893 0.893 1.263 -0.858 0.385 0.940 -0.751 2.756 2.856 0.254 -0.805 0.845 
3.000 0.000 3.000 0.000 1.000 -1.099 2.683 -1.097 2.689 -0.342 -3.099 -0.183 -1.633 0.100 0.100 0.222 0.222 0.112 0.112 0.603 2.267 2.346 1.895 1.895 2.680 -1.099 -0.317 1.144 -1.097 -0.311 1.140 -0.342 -4.099 4.113 
4.000 0.000 4.000 0.000 1.000 0.538 4.152 -1.296 -0.079 -0.364 -4.359 -0.125 -1.377 0.269 0.269 0.329 0.329 0.108 0.108 -1.977 -4.561 4.971 0.297 0.297 0.419 0.538 0.152 0.559 -1.296 -4.079 4.280 -0.364 -5.359 5.372 
5.000 0.000 5.000 0.000 1.000 -1.065 4.564 -1.508 -2.135 -0.380 -4.093 -0.092 -0.936 0.506 0.506 0.381 0.381 0.098 0.098 -0.595 -9.003 9.022 0.595 0.595 0.841 -1.065 -0.436 1.151 -1.508 -7.135 7.293 -0.380 -5.093 5.107 
6.000 0.000 6.000 0.000 1.000 -1.011 4.570 -1.507 -1.543 -0.275 -2.603 -0.054 -0.490 0.659 0.659 0.369 0.369 0.088 0.088 -0.877 -10.798 10.834 0.881 0.881 1.246 -1.011 -1.430 1.751 -1.507 -7.543 7.693 -0.275 -3.603 3.613 
7.000 0.000 7.000 0.000 1.000 -0.157 9.360 -0.962 2.673 0.011 -0.267 -0.008 -0.101 0.711 0.711 0.337 0.337 0.082 0.082 -1.626 -13.506 13.604 1.015 1.015 1.435 -0.157 2.360 2.365 -0.962 -4.327 4.433 0.011 -1.267 1.267 
8.000 0.000 8.000 0.000 1.000 -1.584 6.504 -1.273 4.492 -0.113 0.380 -0.020 -0.011 0.713 0.713 0.317 0.317 0.081 0.081 0.633 -4.098 4.147 1.023 1.023 1.447 -1.584 -1.496 2.179 -1.273 -3.508 3.732 -0.113 -0.620 0.630 
9.000 0.000 9.000 0.000 1.000 0.799 8.386 -0.308 6.606 0.226 0.946 0.019 0.048 0.703 0.703 0.312 0.312 0.081 0.081 -2.185 -3.514 4.138 0.992 0.992 1.403 0.799 -0.614 1.008 -0.308 -2.394 2.413 0.226 -0.054 0.233 
10.000 0.000 10.000 0.000 1.000 -1.208 9.839 -1.196 9.814 -0.118 1.731 -0.020 0.117 0.099 0.099 0.225 0.225 0.078 0.078 1.126 -2.287 2.549 0.964 0.964 1.363 -1.208 -0.161 1.219 -1.196 -0.186 1.210 -0.118 0.731 0.741 
11.000 0.000 11.000 0.000 1.000 0.785 9.523 -1.183 11.419 0.002 1.713 0.005 0.084 0.250 0.250 0.294 0.294 0.082 0.082 -2.099 2.023 2.915 0.277 0.277 0.392 0.785 -1.477 1.673 -1.183 0.419 1.255 0.002 0.713 0.713 
12.000 0.000 12.000 0.000 1.000 1.226 12.342 -0.650 12.958 0.355 1.683 0.050 0.060 0.469 0.469 0.331 0.331 0.082 0.082 -2.406 0.790 2.533 0.541 0.541 0.765 1.226 0.342 1.273 -0.650 0.958 1.158 0.355 0.683 0.770 
13.000 0.000 13.000 0.000 1.000 -0.880 13.535 -0.871 13.553 0.129 1.221 0.014 -0.005 0.099 0.099 0.152 0.152 0.074 0.074 0.585 1.106 1.251 0.793 0.793 1.122 -0.880 0.535 1.030 -0.871 0.553 1.031 0.129 0.221 0.256 
14.000 0.000 14.000 0.000 1.000 -2.088 14.557 -0.796 14.765 0.090 1.207 0.003 -0.006 0.202 0.202 0.229 0.229 0.078 0.078 1.347 0.216 1.364 0.229 0.229 0.324 -2.088 0.557 2.161 -0.796 0.765 1.104 0.090 0.207 0.226 
15.000 0.000 15.000 0.000 1.000 1.510 15.147 -0.381 15.850 0.313 1.118 0.036 -0.018 0.383 0.383 0.286 0.286 0.081 0.081 -2.216 0.824 2.364 0.427 0.427 0.603 1.510 0.147 1.517 -0.381 0.850 0.932 0.313 0.118 0.335 
16.000 0.000 16.000 0.000 1.000 3.918 18.766 1.126 17.507 0.956 1.374 0.110 0.019 0.547 0.547 0.312 0.312 0.081 0.081 -3.985 -1.797 4.372 0.661 0.661 0.935 3.918 2.766 4.796 1.126 1.507 1.881 0.956 0.374 1.026 
17.000 0.000 17.000 0.000 1.000 -0.812 17.072 0.889 18.135 0.571 1.083 0.043 -0.018 0.642 0.642 0.313 0.313 0.080 0.080 2.893 1.809 3.412 0.843 0.843 1.193 -0.812 0.072 0.815 0.889 1.135 1.442 0.571 0.083 0.577 
18.000 0.000 18.000 0.000 1.000 -1.926 16.171 -0.098 17.816 0.048 0.555 -0.020 -0.069 0.678 0.678 0.309 0.309 0.080 0.080 3.386 3.047 4.555 0.929 0.929 1.313 -1.926 -1.829 2.656 -0.098 -0.184 0.208 0.048 -0.445 0.448 
19.000 0.000 19.000 0.000 1.000 -0.891 19.736 -0.882 19.721 -0.254 0.943 -0.046 -0.016 0.099 0.099 0.209 0.209 0.078 0.078 0.840 -1.365 1.603 0.949 0.949 1.342 -0.891 0.736 1.156 -0.882 0.721 1.139 -0.254 -0.057 0.260 
20.000 0.000 20.000 0.000 1.000 -0.794 20.753 -0.843 20.740 0.009 1.007 0.009 -0.002 0.093 0.093 0.157 0.157 0.071 0.071 -0.342 -0.089 0.353 0.265 0.265 0.375 -0.794 0.753 1.094 -0.843 0.740 1.122 0.009 0.007 0.012 
21.000 0.000 21.000 0.000 1.000 1.213 19.185 -0.734 21.623 0.110 0.891 0.023 -0.020 0.221 0.221 0.228 0.228 0.077 0.077 -2.047 2.563 3.279 0.248 0.248 0.350 1.213 -1.815 2.183 -0.734 0.623 0.962 0.110 -0.109 0.155 
22.000 0.156 21.988 0.156 0.988 1.109 21.185 -0.346 22.301 0.309 0.736 0.046 -0.037 0.400 0.400 0.280 0.280 0.079 0.079 -1.732 1.328 2.183 0.448 0.448 0.633 0.953 -0.803 1.246 -0.502 0.313 0.592 0.153 -0.252 0.295 
23.000 0.465 22.939 0.309 0.951 0.306 22.597 0.298 22.607 0.518 0.490 0.061 -0.059 0.099 0.099 0.152 0.152 0.073 0.073 -0.343 0.439 0.557 0.672 0.672 0.950 -0.159 -0.342 0.377 -0.167 -0.332 0.372 0.209 -0.461 0.506 
24.000 0.919 23.830 0.454 0.891 4.045 18.862 0.948 22.924 0.707 0.263 0.078 -0.083 0.202 0.202 0.229 0.229 0.078 0.078 -3.228 4.235 5.325 0.229 0.229 0.324 3.126 -4.968 5.870 0.029 -0.906 0.906 0.253 -0.628 0.677 
25.000 1.507 24.639 0.588 0.809 2.410 27.251 1.766 23.784 0.860 0.583 0.082 -0.014 0.383 0.383 0.286 0.286 0.080 0.080 -0.755 -4.064 4.133 0.427 0.427 0.603 0.903 2.612 2.764 0.259 -0.855 0.894 0.272 -0.226 0.354 
26.000 2.214 25.346 0.707 0.707 1.367 26.248 1.396 26.205 0.317 1.503 -0.007 0.107 0.099 0.099 0.150 0.150 0.073 0.073 1.259 -1.881 2.264 0.661 0.661 0.935 -0.847 0.902 1.237 -0.818 0.859 1.186 -0.390 0.796 0.886 
27.000 3.023 25.934 0.809 0.588 2.450 26.607 1.743 27.663 0.339 1.567 -0.001 0.089 0.201 0.201 0.225 0.225 0.078 0.078 -0.737 1.101 1.325 0.228 0.228 0.323 -0.573 0.673 0.884 -1.280 1.729 2.152 -0.470 0.979 1.086 
28.000 3.914 26.388 0.891 0.454 2.778 26.450 2.182 28.829 0.406 1.386 0.009 0.039 0.380 0.380 0.283 0.283 0.080 0.080 -0.697 2.780 2.866 0.423 0.423 0.598 -1.136 0.062 1.138 -1.732 2.441 2.993 -0.485 0.932 1.051 
29.000 4.865 26.697 0.951 0.309 5.267 25.785 3.378 28.909 0.816 0.763 0.060 -0.050 0.543 0.543 0.310 0.310 0.081 0.081 -2.680 4.430 5.178 0.654 0.654 0.926 0.402 -0.912 0.997 -1.487 2.212 2.665 -0.135 0.454 0.473 
30.000 5.853 26.853 0.988 0.156 5.777 26.740 4.840 28.474 1.144 0.216 0.084 -0.101 0.639 0.639 0.312 0.312 0.080 0.080 -1.583 2.931 3.332 0.837 0.837 1.183 -0.076 -0.113 0.136 -1.013 1.621 1.912 0.156 0.060 0.167 
31.000 6.853 26.853 1.000 0.000 6.743 24.839 6.332 26.927 1.355 -0.526 0.089 -0.158 0.677 0.677 0.309 0.309 0.080 0.080 -0.759 3.852 3.926 0.924 0.924 1.307 -0.110 -2.014 2.017 -0.521 0.074 0.527 0.355 -0.526 0.635 
32.000 7.853 26.853 1.000 0.000 11.939 31.791 9.685 28.934 2.121 0.175 0.148 -0.055 0.686 0.686 0.311 0.311 0.081 0.081 -4.253 -5.391 6.866 0.947 0.947 1.339 4.086 4.938 6.409 1.832 2.081 2.772 1.121 0.175 1.135 
33.000 8.853 26.853 1.000 0.000 7.807 26.836 9.928 28.042 1.647 -0.234 0.071 -0.085 0.685 0.685 0.317 0.317 0.081 0.081 3.999 2.273 4.600 0.946 0.946 1.338 -1.046 -0.017 1.046 1.075 1.189 1.603 0.647 -0.234 0.688 
34.000 9.853 26.853 1.000 0.000 9.671 27.218 9.692 27.225 1.090 -0.514 0.001 -0.096 0.099 0.099 0.234 0.234 0.079 0.079 1.904 0.590 1.994 0.944 0.944 1.335 -0.182 0.365 0.408 -0.161 0.372 0.405 0.090 -0.514 0.522 
35.000 10.853 26.853 1.000 0.000 10.397 27.954 10.757 26.793 1.063 -0.522 -0.004 -0.073 0.258 0.258 0.302 0.302 0.082 0.082 0.385 -1.243 1.302 0.285 0.285 0.403 -0.456 1.101 1.192 -0.096 -0.060 0.113 0.063 -0.522 0.526 
36.000 11.853 26.853 1.000 0.000 12.352 27.417 12.335 27.380 1.395 0.128 0.041 0.028 0.098 0.098 0.138 0.138 0.072 0.072 -0.532 -1.145 1.263 0.556 0.556 0.787 0.499 0.564 0.753 0.482 0.527 0.714 0.395 0.128 0.416 
37.000 12.853 26.853 1.000 0.000 12.589 28.074 13.685 27.530 1.395 0.177 0.029 0.029 0.199 0.199 0.214 0.214 0.077 0.077 1.141 -0.566 1.274 0.226 0.226 0.320 -0.264 1.221 1.249 0.832 0.677 1.073 0.395 0.177 0.432 
38.000 13.853 26.853 1.000 0.000 14.310 27.960 14.356 27.945 0.944 0.363 -0.046 0.050 0.097 0.097 0.138 0.138 0.071 0.071 0.770 -0.253 0.810 0.409 0.409 0.579 0.457 1.107 1.198 0.503 1.092 1.202 -0.056 0.363 0.368 
39.000 14.853 26.853 1.000 0.000 12.387 24.827 15.186 28.171 0.792 0.287 -0.061 0.022 0.198 0.198 0.214 0.214 0.077 0.077 2.913 3.481 4.539 0.226 0.226 0.319 -2.466 -2.026 3.192 0.333 1.318 1.360 -0.208 0.287 0.354 
40.000 15.853 26.853 1.000 0.000 16.360 16.867 16.030 26.877 0.766 -0.743 -0.049 -0.140 0.369 0.369 0.274 0.274 0.080 0.080 -0.382 11.591 11.598 0.410 0.410 0.580 0.507 -9.986 9.999 0.177 0.024 0.179 -0.234 -0.743 0.779 
41.000 16.853 26.853 1.000 0.000 18.567 27.281 18.523 27.253 1.594 -0.315 0.070 -0.052 0.099 0.099 0.150 0.150 0.073 0.073 -1.771 -1.147 2.110 0.635 0.635 0.898 1.714 0.428 1.767 1.670 0.400 1.717 0.594 -0.315 0.672 
42.000 17.853 26.853 1.000 0.000 17.204 27.692 19.999 26.968 1.550 -0.338 0.043 -0.042 0.201 0.201 0.226 0.226 0.078 0.078 2.913 -0.754 3.009 0.228 0.228 0.323 -0.649 0.839 1.061 2.146 0.115 2.149 0.550 -0.338 0.646 
43.000 18.853 26.853 1.000 0.000 17.924 26.501 21.026 26.611 1.240 -0.392 -0.015 -0.040 0.380 0.380 0.283 0.283 0.080 0.080 3.625 0.129 3.628 0.423 0.423 0.598 -0.929 -0.352 0.993 2.173 -0.242 2.186 0.240 -0.392 0.460 
44.000 19.853 26.853 1.000 0.000 20.773 27.993 21.825 26.743 1.002 -0.166 -0.042 -0.001 0.543 0.543 0.310 0.310 0.081 0.081 1.493 -1.774 2.319 0.655 0.655 0.926 0.920 1.140 1.465 1.972 -0.110 1.975 0.002 -0.166 0.166 
45.000 20.853 26.853 1.000 0.000 18.797 26.605 21.180 26.588 0.276 -0.163 -0.115 -0.001 0.639 0.639 0.312 0.312 0.080 0.080 4.030 -0.028 4.030 0.837 0.837 1.184 -2.056 -0.248 2.071 0.327 -0.265 0.421 -0.724 -0.163 0.742 
46.000 21.853 26.853 1.000 0.000 22.267 28.117 22.258 28.097 0.453 0.445 -0.073 0.063 0.099 0.099 0.190 0.190 0.076 0.076 -0.810 -1.691 1.875 0.925 0.925 1.308 0.414 1.264 1.330 0.405 1.244 1.308 -0.547 0.445 0.705 
47.000 22.841 26.697 0.988 -0.156 24.035 26.047 22.777 28.416 0.449 0.377 -0.054 0.034 0.225 0.225 0.263 0.263 0.080 0.080 -1.325 2.495 2.825 0.251 0.251 0.355 1.194 -0.650 1.359 -0.064 1.719 1.720 -0.539 0.533 0.758 
48.000 23.792 26.388 0.951 -0.309 22.755 28.338 22.775 28.357 0.093 0.119 -0.092 -0.011 0.098 0.098 0.137 0.137 0.071 0.071 0.471 0.455 0.655 0.484 0.484 0.684 -1.037 1.950 2.209 -1.017 1.969 2.216 -0.858 0.428 0.959 
49.000 24.683 25.934 0.891 -0.454 24.544 26.502 22.934 28.399 0.062 0.037 -0.072 -0.022 0.199 0.199 0.213 0.213 0.077 0.077 -1.676 1.975 2.590 0.226 0.226 0.320 -0.139 0.568 0.585 -1.749 2.465 3.022 -0.829 0.491 0.964 
50.000 25.492 25.346 0.809 -0.588 24.378 24.798 23.184 27.942 0.114 -0.311 -0.046 -0.069 0.369 0.369 0.272 0.272 0.080 0.080 -1.382 3.638 3.891 0.409 0.409 0.578 -1.114 -0.548 1.241 -2.308 2.596 3.473 -0.695 0.277 0.748 
51.000 26.199 24.639 0.707 -0.707 26.380 24.602 24.162 26.781 0.506 -0.810 0.015 -0.118 0.529 0.529 0.303 0.303 0.080 0.080 -3.082 3.028 4.321 0.632 0.632 0.894 0.181 -0.037 0.185 -2.037 2.142 2.956 -0.201 -0.103 0.226 
52.000 26.787 23.830 0.588 -0.809 25.328 24.087 25.318 24.115 0.792 -1.703 0.045 -0.195 0.099 0.099 0.170 0.170 0.075 0.075 -0.660 1.884 1.996 0.816 0.816 1.154 -1.459 0.257 1.481 -1.469 0.285 1.496 0.204 -0.894 0.917 
53.000 27.241 22.939 0.454 -0.891 26.748 22.217 26.636 22.251 1.365 -2.059 0.133 -0.204 0.091 0.091 0.151 0.151 0.071 0.071 -0.638 0.196 0.667 0.239 0.239 0.337 -0.493 -0.722 0.874 -0.605 -0.688 0.916 0.911 -1.168 1.482 
54.000 27.550 21.988 0.309 -0.951 28.671 21.890 28.032 20.269 1.527 -2.191 0.125 -0.171 0.213 0.213 0.224 0.224 0.077 0.077 -0.670 -1.698 1.825 0.240 0.240 0.339 1.121 -0.098 1.125 0.482 -1.719 1.785 1.218 -1.240 1.738 
55.000 27.706 21.000 0.156 -0.988 27.413 20.288 29.231 18.416 1.440 -2.144 0.081 -0.122 0.391 0.391 0.278 0.278 0.079 0.079 2.145 -2.210 3.080 0.436 0.436 0.617 -0.293 -0.712 0.770 1.525 -2.584 3.000 1.284 -1.156 1.728 
56.000 27.706 20.000 0.000 -1.000 15.755 13.500 26.204 15.442 -0.678 -2.675 -0.203 -0.161 0.547 0.547 0.305 0.305 0.080 0.080 14.915 2.772 15.171 0.661 0.661 0.935 -11.951 -6.500 13.604 -1.502 -4.558 4.799 -0.678 -1.675 1.807 
57.000 27.706 19.000 0.000 -1.000 28.032 19.897 26.547 15.671 -0.465 -1.652 -0.136 -0.013 0.638 0.638 0.309 0.309 0.080 0.080 -2.506 -7.130 7.558 0.835 0.835 1.181 0.326 0.897 0.954 -1.159 -3.329 3.525 -0.465 -0.652 0.801 
58.000 27.706 18.000 0.000 -1.000 27.323 17.636 26.646 15.665 -0.397 -1.071 -0.101 0.050 0.675 0.675 0.308 0.308 0.080 0.080 -1.241 -3.617 3.824 0.919 0.919 1.300 -0.383 -0.364 0.528 -1.060 -2.335 2.565 -0.397 -0.071 0.404 
59.000 27.706 17.000 0.000 -1.000 28.642 18.093 27.368 16.230 -0.120 -0.466 -0.053 0.101 0.684 0.684 0.311 0.311 0.081 0.081 -2.393 -3.499 4.239 0.942 0.942 1.333 0.936 1.093 1.439 -0.338 -0.770 0.841 -0.120 0.534 0.547 
60.000 27.706 16.000 0.000 -1.000 27.236 13.214 27.236 13.243 -0.177 -1.203 -0.048 0.007 0.099 0.099 0.225 0.225 0.078 0.078 0.012 2.549 2.550 0.944 0.944 1.335 -0.470 -2.786 2.825 -0.470 -2.757 2.797 -0.177 -0.203 0.269 
61.000 27.706 15.000 0.000 -1.000 29.309 16.462 27.201 12.317 -0.074 -0.900 -0.019 0.053 0.251 0.251 0.294 0.294 0.082 0.082 -2.250 -4.422 4.962 0.277 0.277 0.392 1.603 1.462 2.170 -0.505 -2.683 2.730 -0.074 0.100 0.125 
62.000 27.706 14.000 0.000 -1.000 27.315 12.685 27.309 12.642 0.026 -0.043 -0.002 0.155 0.098 0.098 0.138 0.138 0.071 0.071 -0.189 -1.268 1.282 0.541 0.541 0.766 -0.391 -1.315 1.372 -0.397 -1.358 1.415 0.026 0.957 0.957 
63.000 27.706 13.000 0.000 -1.000 28.197 13.649 27.369 12.640 0.056 0.150 0.004 0.146 0.199 0.199 0.214 0.214 0.077 0.077 -0.863 -1.050 1.359 0.226 0.226 0.320 0.491 0.649 0.814 -0.337 -0.360 0.493 0.056 1.150 1.151 
64.000 27.706 12.000 0.000 -1.000 30.799 18.608 27.883 13.581 0.363 0.819 0.050 0.210 0.369 0.369 0.273 0.273 0.080 0.080 -3.375 -5.818 6.726 0.409 0.409 0.579 3.093 6.608 7.296 0.177 1.581 1.591 0.363 1.819 1.855 
65.000 27.706 11.000 0.000 -1.000 28.777 11.139 28.395 13.485 0.488 0.565 0.054 0.129 0.530 0.530 0.304 0.304 0.080 0.080 -0.531 3.261 3.304 0.633 0.633 0.895 1.071 0.139 1.080 0.689 2.485 2.578 0.488 1.565 1.640 
66.000 27.706 10.000 0.000 -1.000 28.580 8.976 28.763 12.036 0.492 -0.147 0.043 0.020 0.630 0.630 0.311 0.311 0.080 0.080 0.304 5.074 5.083 0.817 0.817 1.156 0.874 -1.024 1.346 1.057 2.036 2.294 0.492 0.853 0.985 
67.000 27.706 9.000 0.000 -1.000 29.650 8.525 29.434 10.368 0.601 -0.685 0.046 -0.041 0.672 0.672 0.309 0.309 0.080 0.080 -0.394 3.364 3.387 0.914 0.914 1.292 1.944 -0.475 2.001 1.728 1.368 2.204 0.601 0.315 0.679 
68.000 27.706 8.000 0.000 -1.000 24.750 8.668 27.562 9.208 -0.198 -0.888 -0.044 -0.053 0.684 0.684 0.311 0.311 0.081 0.081 5.285 1.015 5.382 0.943 0.943 1.334 -2.956 0.668 3.031 -0.144 1.208 1.217 -0.198 0.112 0.227 
69.000 27.706 7.000 0.000 -1.000 26.251 7.666 26.263 7.673 -0.609 -1.157 -0.077 -0.070 0.099 0.099 0.223 0.223 0.078 0.078 1.113 0.654 1.291 0.946 0.946 1.337 -1.455 0.666 1.600 -1.443 0.673 1.592 -0.609 -0.157 0.629 
70.000 27.706 6.000 0.000 -1.000 27.522 5.152 25.771 6.432 -0.562 -1.317 -0.049 -0.077 0.249 0.249 0.292 0.292 0.081 0.081 -1.867 1.364 2.313 0.276 0.276 0.390 -0.184 -0.848 0.868 -1.935 0.432 1.983 -0.562 -0.317 0.645 
71.000 27.706 5.000 0.000 -1.000 28.622 5.652 25.955 5.232 -0.121 -1.317 0.021 -0.059 0.467 0.467 0.330 0.330 0.082 0.082 -3.413 -0.537 3.455 0.538 0.538 0.761 0.916 0.652 1.124 -1.751 0.232 1.767 -0.121 -0.317 0.339 
72.000 27.550 4.012 -0.156 -0.988 23.765 1.491 25.046 2.993 -0.479 -1.819 -0.025 -0.104 0.617 0.617 0.330 0.330 0.081 0.081 2.068 2.425 3.187 0.790 0.790 1.118 -3.785 -2.521 4.548 -2.504 -1.019 2.704 -0.323 -0.831 0.892 
73.000 27.241 3.061 -0.309 -0.951 28.273 2.867 26.276 1.954 0.166 -1.617 0.047 -0.062 0.679 0.679 0.316 0.316 0.080 0.080 -3.706 -1.694 4.075 0.930 0.930 1.316 1.032 -0.194 1.050 -0.965 -1.107 1.469 0.475 -0.666 0.818 
74.000 26.787 2.170 -0.454 -0.891 27.491 1.341 27.480 1.330 0.574 -1.334 0.078 -0.022 0.099 0.099 0.197 0.197 0.077 0.077 -1.049 -1.004 1.452 0.965 0.965 1.365 0.704 -0.829 1.088 0.693 -0.840 1.089 1.028 -0.443 1.119 
75.000 26.199 1.361 -0.588 -0.809 25.366 0.865 27.912 0.042 0.503 -1.308 0.045 -0.012 0.229 0.229 0.270 0.270 0.081 0.081 2.688 -0.869 2.824 0.256 0.256 0.362 -0.833 -0.496 0.969 1.713 -1.319 2.162 1.091 -0.499 1.200 
76.000 25.492 0.654 -0.707 -0.707 24.986 0.696 27.761 -0.892 0.110 -1.069 -0.022 0.025 0.437 0.437 0.316 0.316 0.082 0.082 3.430 -1.962 3.951 0.496 0.496 0.701 -0.506 0.042 0.508 2.269 -1.546 2.746 0.817 -0.362 0.894 
77.000 24.683 0.066 -0.809 -0.588 25.717 -1.467 25.756 -1.476 -0.953 -0.805 -0.145 0.051 0.099 0.099 0.151 0.151 0.073 0.073 2.154 -0.494 2.210 0.746 0.746 1.055 1.034 -1.533 1.849 1.073 -1.542 1.878 -0.144 -0.217 0.260 
78.000 23.792 -0.388 -0.891 -0.454 23.725 0.219 24.760 -2.180 -1.139 -0.657 -0.138 0.064 0.201 0.201 0.227 0.227 0.078 0.078 1.078 -2.500 2.723 0.228 0.228 0.323 -0.067 0.607 0.611 0.968 -1.792 2.036 -0.248 -0.203 0.321 
79.000 22.841 -0.697 -0.951 -0.309 22.994 -0.115 23.529 -2.441 -1.339 -0.326 -0.133 0.097 0.381 0.381 0.284 0.284 0.080 0.080 0.626 -2.721 2.793 0.424 0.424 0.600 0.153 0.582 0.602 0.688 -1.744 1.875 -0.388 -0.017 0.388 
80.000 21.853 -0.853 -0.988 -0.156 24.760 -3.943 22.953 -3.116 -1.085 -0.406 -0.070 0.065 0.545 0.545 0.311 0.311 0.081 0.081 -2.570 1.175 2.826 0.657 0.657 0.929 2.907 -3.090 4.242 1.100 -2.263 2.516 -0.097 -0.250 0.268 
81.000 20.853 -0.853 -1.000 0.000 19.755 1.569 21.002 -1.436 -1.515 0.526 -0.104 0.156 0.640 0.640 0.312 0.312 0.080 0.080 2.113 -5.091 5.512 0.839 0.839 1.187 -1.098 2.422 2.659 0.149 -0.583 0.601 -0.515 0.526 0.736 
82.000 19.853 -0.853 -1.000 0.000 21.078 0.186 21.059 0.173 -1.047 1.076 -0.034 0.182 0.099 0.099 0.190 0.190 0.076 0.076 -1.591 -1.096 1.932 0.926 0.926 1.310 1.225 1.039 1.606 1.206 1.026 1.584 -0.047 1.076 1.077 
83.000 18.853 -0.853 -1.000 0.000 20.188 -0.164 20.022 1.178 -1.071 1.184 -0.029 0.151 0.225 0.225 0.263 0.263 0.080 0.080 -0.175 1.413 1.424 0.251 0.251 0.355 1.335 0.689 1.502 1.169 2.031 2.343 -0.071 1.184 1.186 
84.000 17.853 -0.853 -1.000 0.000 17.900 -2.238 18.758 1.520 -1.229 0.771 -0.044 0.056 0.428 0.428 0.311 0.311 0.081 0.081 1.050 4.600 4.719 0.484 0.484 0.684 0.047 -1.385 1.386 0.905 2.373 2.539 -0.229 0.771 0.804 
85.000 16.853 -0.853 -1.000 0.000 19.082 -1.141 18.064 1.109 -1.010 0.243 -0.008 -0.021 0.587 0.587 0.323 0.323 0.081 0.081 -1.553 3.431 3.767 0.732 0.732 1.035 2.229 -0.288 2.248 1.211 1.962 2.305 -0.010 0.243 0.243 
86.000 15.853 -0.853 -1.000 0.000 12.468 -1.637 15.032 0.034 -1.831 -0.307 -0.095 -0.076 0.664 0.664 0.315 0.315 0.080 0.080 4.586 2.989 5.474 0.894 0.894 1.264 -3.385 -0.784 3.475 -0.821 0.887 1.209 -0.831 -0.307 0.886 
87.000 14.853 -0.853 -1.000 0.000 14.101 -1.133 14.091 -1.123 -1.610 -0.684 -0.053 -0.098 0.099 0.099 0.193 0.193 0.077 0.077 -0.900 0.860 1.245 0.951 0.951 1.345 -0.752 -0.280 0.802 -0.762 -0.270 0.809 -0.610 -0.684 0.917 
88.000 13.853 -0.853 -1.000 0.000 14.448 -1.825 12.582 -1.809 -1.558 -0.783 -0.030 -0.089 0.227 0.227 0.266 0.266 0.080 0.080 -1.967 0.017 1.967 0.254 0.254 0.359 0.595 -0.972 1.140 -1.271 -0.956 1.590 -0.558 -0.783 0.962 
89.000 12.853 -0.853 -1.000 0.000 12.093 -0.565 11.224 -2.213 -1.454 -0.618 -0.008 -0.044 0.432 0.432 0.314 0.314 0.082 0.082 -1.069 -2.027 2.292 0.490 0.490 0.693 -0.760 0.288 0.813 -1.629 -1.360 2.122 -0.454 -0.618 0.767 
90.000 11.853 -0.853 -1.000 0.000 12.546 -1.795 10.738 -2.470 -0.985 -0.484 0.050 -0.018 0.591 0.591 0.324 0.324 0.081 0.081 -2.777 -1.037 2.964 0.739 0.739 1.045 0.693 -0.942 1.169 -1.115 -1.617 1.964 0.015 -0.484 0.484 
91.000 10.853 -0.853 -1.000 0.000 11.243 -0.158 11.225 -0.193 -0.344 0.606 0.109 0.103 0.099 0.099 0.172 0.172 0.075 0.075 -1.490 -2.796 3.169 0.899 0.899 1.271 0.390 0.695 0.797 0.372 0.660 0.758 0.656 0.606 0.893 
92.000 9.853 -0.853 -1.000 0.000 9.514 0.580 10.819 0.421 -0.298 0.717 0.087 0.094 0.213 0.213 0.247 0.247 0.079 0.079 1.366 -0.166 1.377 0.239 0.239 0.339 -0.339 1.433 1.473 0.966 1.274 1.599 0.702 0.717 1.004 
93.000 8.853 -0.853 -1.000 0.000 9.391 -0.133 10.335 0.929 -0.337 0.669 0.060 0.064 0.406 0.406 0.300 0.300 0.081 0.081 1.130 1.271 1.701 0.455 0.455 0.644 0.538 0.720 0.899 1.482 1.782 2.317 0.663 0.669 0.942 
94.000 7.853 -0.853 -1.000 0.000 8.459 1.186 8.491 1.194 -1.033 0.531 -0.041 0.032 0.099 0.099 0.150 0.150 0.073 0.073 1.539 0.412 1.593 0.698 0.698 0.987 0.606 2.039 2.127 0.638 2.047 2.144 -0.033 0.531 0.532 
95.000 6.853 -0.853 -1.000 0.000 8.628 -1.333 7.505 1.602 -1.028 0.444 -0.028 0.008 0.201 0.201 0.226 0.226 0.078 0.078 -1.170 3.058 3.274 0.228 0.228 0.323 1.775 -0.480 1.839 0.652 2.455 2.540 -0.028 0.444 0.445 
96.000 5.853 -0.853 -1.000 0.000 -6.754 -4.563 4.565 1.091 -2.345 -0.192 -0.220 -0.090 0.380 0.380 0.283 0.283 0.080 0.080 13.231 6.609 14.790 0.423 0.423 0.598 -12.607 -3.710 13.142 -1.288 1.944 2.332 -1.345 -0.192 1.359 
97.000 4.853 -0.853 -1.000 0.000 5.233 -0.260 3.110 0.557 -2.113 -0.455 -0.140 -0.103 0.544 0.544 0.310 0.310 0.081 0.081 -3.013 1.159 3.228 0.655 0.655 0.927 0.380 0.593 0.704 -1.743 1.410 2.241 -1.113 -0.455 1.202 
98.000 3.853 -0.853 -1.000 0.000 4.550 -1.337 2.450 -0.487 -1.649 -0.803 -0.058 -0.121 0.639 0.639 0.312 0.312 0.080 0.080 -3.552 1.438 3.832 0.838 0.838 1.185 0.697 -0.484 0.849 -1.403 0.366 1.450 -0.649 -0.803 1.033 
99.000 2.853 -0.853 -1.000 0.000 2.739 -2.660 2.716 -2.644 -1.010 -1.416 0.021 -0.160 0.099 0.099 0.190 0.190 0.076 0.076 -1.938 1.370 2.373 0.925 0.925 1.308 -0.114 -1.807 1.811 -0.137 -1.791 1.796 -0.010 -1.416 1.416 
