0.000 0.000 0.000 0.000 0.000 -1.392 0.204 -1.254 0.184 -0.012 0.002 0.000 0.000 9.491 9.491 3.148 3.148 0.902 0.902 1.392 -0.204 1.407 31.762 31.762 44.918 -1.392 0.204 1.407 -1.254 0.184 1.267 -0.012 0.002 0.012 
1.000 0.000 1.000 0.000 1.000 -1.045 3.279 -1.155 1.746 0.001 0.181 0.001 0.012 7.102 7.102 3.441 3.441 0.811 0.811 -0.221 -3.093 3.101 14.204 14.204 20.088 -1.045 2.279 2.507 -1.155 0.746 1.375 0.001 -0.819 0.819 
2.000 0.000 2.000 0.000 1.000 -0.858 2.385 -1.028 2.122 0.035 0.245 0.004 0.016 6.518 6.518 3.647 3.647 0.720 0.720 -0.296 -0.458 0.545 13.186 13.186 18.648 -0.858 0.385 0.940 -1.028 0.122 1.035 0.035 -0.755 0.756 
3.000 0.000 3.000 0.000 1.000 -1.099 2.683 -1.040 2.505 0.022 0.309 0.002 0.018 6.626 6.626 3.625 3.625 0.623 0.623 0.105 -0.317 0.334 13.351 13.351 18.881 -1.099 -0.317 1.144 -1.040 -0.495 1.152 0.022 -0.691 0.692 
4.000 0.000 4.000 0.000 1.000 0.538 4.152 -0.291 3.439 0.285 0.552 0.024 0.036 6.834 6.834 3.404 3.404 0.525 0.525 -1.556 -1.338 2.052 13.698 13.698 19.371 0.538 0.152 0.559 -0.291 -0.561 0.632 0.285 -0.448 0.531 
5.000 0.000 5.000 0.000 1.000 -1.065 4.564 -0.513 4.265 0.137 0.681 0.008 0.040 6.919 6.919 3.093 3.093 0.437 0.437 1.059 -0.573 1.204 13.851 13.851 19.588 -1.065 -0.436 1.151 -0.513 -0.735 0.896 0.137 -0.319 0.347 
6.000 0.000 6.000 0.000 1.000 -1.011 4.570 -0.677 4.768 0.050 0.665 -0.000 0.032 6.882 6.882 2.780 2.780 0.363 0.363 0.635 0.376 0.738 13.783 13.783 19.492 -1.011 -1.430 1.751 -0.677 -1.232 1.406 0.050 -0.335 0.339 
7.000 0.000 7.000 0.000 1.000 -0.157 9.360 -0.411 7.235 0.113 1.219 0.004 0.066 6.775 6.775 2.500 2.500 0.303 0.303 -0.469 -3.927 3.955 13.595 13.595 19.227 -0.157 2.360 2.365 -0.411 0.235 0.473 0.113 0.219 0.246 
8.000 0.000 8.000 0.000 1.000 -1.584 6.504 -0.865 7.595 -0.035 1.054 -0.006 0.044 6.637 6.637 2.259 2.259 0.254 0.254 1.286 1.950 2.336 13.369 13.369 18.907 -1.584 -1.496 2.179 -0.865 -0.405 0.955 -0.035 0.054 0.065 
9.000 0.000 9.000 0.000 1.000 0.799 8.386 -0.184 8.539 0.137 1.071 0.005 0.038 6.491 6.491 2.053 2.053 0.216 0.216 -1.699 0.264 1.719 13.145 13.145 18.590 0.799 -0.614 1.008 -0.184 -0.461 0.497 0.137 0.071 0.155 
10.000 0.000 10.000 0.000 1.000 -1.208 9.839 -0.514 9.702 0.033 1.130 -0.001 0.035 6.346 6.346 1.876 1.876 0.185 0.185 1.161 -0.230 1.184 12.939 12.939 18.298 -1.208 -0.161 1.219 -0.514 -0.298 0.595 0.033 0.130 0.134 
11.000 0.000 11.000 0.000 1.000 0.785 9.523 0.007 10.328 0.139 1.055 0.005 0.026 6.206 6.206 1.722 1.722 0.162 0.162 -1.266 1.309 1.821 12.753 12.753 18.036 0.785 -1.477 1.673 0.007 -0.672 0.672 0.139 0.055 0.150 
12.000 0.000 12.000 0.000 1.000 1.226 12.342 0.544 11.736 0.227 1.154 0.008 0.027 6.073 6.073 1.588 1.588 0.143 0.143 -1.080 -0.960 1.445 12.588 12.588 17.801 1.226 0.342 1.273 0.544 -0.264 0.605 0.227 0.154 0.274 
13.000 0.000 13.000 0.000 1.000 -0.880 13.535 0.187 13.118 0.120 1.226 0.002 0.026 5.948 5.948 1.471 1.471 0.129 0.129 1.651 -0.645 1.772 12.439 12.439 17.592 -0.880 0.535 1.030 0.187 0.118 0.221 0.120 0.226 0.256 
14.000 0.000 14.000 0.000 1.000 -2.088 14.557 -0.507 14.416 -0.030 1.266 -0.005 0.024 5.829 5.829 1.369 1.369 0.119 0.119 2.395 -0.213 2.404 12.307 12.307 17.404 -2.088 0.557 2.161 -0.507 0.416 0.656 -0.030 0.266 0.267 
15.000 0.000 15.000 0.000 1.000 1.510 15.147 0.132 15.507 0.084 1.259 0.001 0.021 5.716 5.716 1.279 1.279 0.111 0.111 -2.046 0.535 2.115 12.187 12.187 17.235 1.510 0.147 1.517 0.132 0.507 0.524 0.084 0.259 0.272 
16.000 0.000 16.000 0.000 1.000 3.918 18.766 1.381 17.395 0.282 1.386 0.008 0.023 5.610 5.610 1.201 1.201 0.105 0.105 -3.702 -2.000 4.208 12.080 12.080 17.083 3.918 2.766 4.796 1.381 1.395 1.963 0.282 0.386 0.478 
17.000 0.000 17.000 0.000 1.000 -0.812 17.072 0.912 18.263 0.168 1.325 0.003 0.017 5.510 5.510 1.134 1.134 0.102 0.102 2.475 1.710 3.008 11.983 11.983 16.947 -0.812 0.072 0.815 0.912 1.263 1.557 0.168 0.325 0.366 
18.000 0.000 18.000 0.000 1.000 -1.926 16.171 0.198 18.585 0.033 1.185 -0.002 0.010 5.416 5.416 1.076 1.076 0.099 0.099 3.006 3.416 4.551 11.896 11.896 16.823 -1.926 -1.829 2.656 0.198 0.585 0.618 0.033 0.185 0.188 
19.000 0.000 19.000 0.000 1.000 -0.891 19.736 -0.087 19.761 -0.017 1.194 -0.004 0.009 5.329 5.329 1.027 1.027 0.097 0.097 1.123 0.034 1.123 11.818 11.818 16.713 -0.891 0.736 1.156 -0.087 0.761 0.766 -0.017 0.194 0.195 
20.000 0.000 20.000 0.000 1.000 -0.794 20.753 -0.294 20.899 -0.049 1.195 -0.004 0.008 5.248 5.248 0.987 0.987 0.096 0.096 0.690 0.201 0.719 11.748 11.748 16.614 -0.794 0.753 1.094 -0.294 0.899 0.946 -0.049 0.195 0.201 
21.000 0.000 21.000 0.000 1.000 1.213 19.185 0.074 21.315 0.006 1.092 -0.002 0.003 5.175 5.175 0.953 0.953 0.095 0.095 -1.556 2.908 3.298 11.686 11.686 16.527 1.213 -1.815 2.183 0.074 0.315 0.323 0.006 0.092 0.092 
22.000 0.156 21.988 0.156 0.988 1.109 21.185 0.348 22.088 0.041 1.050 -0.001 0.001 5.108 5.108 0.926 0.926 0.094 0.094 -1.029 1.221 1.597 11.632 11.632 16.450 0.953 -0.803 1.246 0.192 0.100 0.217 -0.115 0.062 0.131 
23.000 0.465 22.939 0.309 0.951 0.306 22.597 0.368 23.000 0.038 1.033 -0.001 0.001 5.048 5.048 0.904 0.904 0.094 0.094 0.084 0.541 0.547 11.584 11.584 16.382 -0.159 -0.342 0.377 -0.097 0.061 0.114 -0.271 0.082 0.283 
24.000 0.919 23.830 0.454 0.891 4.045 18.862 1.314 22.743 0.159 0.861 0.004 -0.005 4.995 4.995 0.887 0.887 0.094 0.094 -3.639 5.171 6.323 11.543 11.543 16.324 3.126 -4.968 5.870 0.395 -1.087 1.156 -0.295 -0.030 0.297 
25.000 1.507 24.639 0.588 0.809 2.410 27.251 1.702 24.497 0.193 0.974 0.004 -0.001 4.948 4.948 0.874 0.874 0.094 0.094 -0.937 -3.647 3.765 11.507 11.507 16.274 0.903 2.612 2.764 0.195 -0.142 0.242 -0.395 0.165 0.428 
26.000 2.214 25.346 0.707 0.707 1.367 26.248 1.768 25.658 0.180 0.998 0.003 0.000 4.908 4.908 0.864 0.864 0.093 0.093 0.528 -0.777 0.940 11.478 11.478 16.232 -0.847 0.902 1.237 -0.446 0.312 0.544 -0.527 0.291 0.602 
27.000 3.023 25.934 0.809 0.588 2.450 26.607 2.068 26.644 0.199 0.996 0.003 0.000 4.875 4.875 0.857 0.857 0.093 0.093 -0.502 0.049 0.504 11.453 11.453 16.197 -0.573 0.673 0.884 -0.955 0.710 1.190 -0.610 0.408 0.734 
28.000 3.914 26.388 0.891 0.454 2.778 26.450 2.387 27.361 0.218 0.960 0.004 -0.001 4.847 4.847 0.852 0.852 0.093 0.093 -0.511 1.191 1.296 11.433 11.433 16.168 -1.136 0.062 1.138 -1.527 0.973 1.811 -0.673 0.506 0.842 
29.000 4.865 26.697 0.951 0.309 5.267 25.785 3.225 27.731 0.302 0.882 0.006 -0.004 4.824 4.824 0.848 0.848 0.093 0.093 -2.662 2.536 3.677 11.416 11.416 16.145 0.402 -0.912 0.997 -1.640 1.034 1.939 -0.649 0.573 0.866 
30.000 5.853 26.853 0.988 0.156 5.777 26.740 4.047 28.180 0.376 0.822 0.008 -0.005 4.806 4.806 0.846 0.846 0.093 0.093 -2.250 1.873 2.928 11.404 11.404 16.127 -0.076 -0.113 0.136 -1.806 1.327 2.242 -0.612 0.666 0.905 
31.000 6.853 26.853 1.000 0.000 6.743 24.839 4.956 28.046 0.453 0.693 0.010 -0.009 4.793 4.793 0.845 0.845 0.093 0.093 -2.320 4.164 4.767 11.394 11.394 16.113 -0.110 -2.014 2.017 -1.897 1.193 2.241 -0.547 0.693 0.883 
32.000 7.853 26.853 1.000 0.000 11.939 31.791 6.902 29.437 0.657 0.774 0.016 -0.005 4.782 4.782 0.844 0.844 0.093 0.093 -6.530 -3.052 7.208 11.386 11.386 16.103 4.086 4.938 6.409 -0.951 2.584 2.754 -0.343 0.774 0.847 
33.000 8.853 26.853 1.000 0.000 7.807 26.836 7.616 29.442 0.680 0.669 0.014 -0.008 4.775 4.775 0.843 0.843 0.093 0.093 -0.248 3.375 3.385 11.381 11.381 16.095 -1.046 -0.017 1.046 -1.237 2.589 2.869 -0.320 0.669 0.742 
34.000 9.853 26.853 1.000 0.000 9.671 27.218 8.608 29.453 0.735 0.575 0.014 -0.010 4.769 4.769 0.843 0.843 0.093 0.093 -1.376 2.893 3.203 11.377 11.377 16.090 -0.182 0.365 0.408 -1.245 2.600 2.883 -0.265 0.575 0.633 
35.000 10.853 26.853 1.000 0.000 10.397 27.954 9.582 29.557 0.780 0.503 0.014 -0.012 4.766 4.766 0.843 0.843 0.093 0.093 -1.054 2.074 2.327 11.375 11.375 16.086 -0.456 1.101 1.192 -1.271 2.704 2.988 -0.220 0.503 0.549 
36.000 11.853 26.853 1.000 0.000 12.352 27.417 10.814 29.460 0.853 0.413 0.015 -0.013 4.763 4.763 0.842 0.842 0.093 0.093 -1.989 2.643 3.308 11.373 11.373 16.084 0.499 0.564 0.753 -1.039 2.607 2.807 -0.147 0.413 0.439 
37.000 12.853 26.853 1.000 0.000 12.589 28.074 11.876 29.466 0.895 0.347 0.014 -0.014 4.762 4.762 0.842 0.842 0.093 0.093 -0.922 1.800 2.022 11.372 11.372 16.083 -0.264 1.221 1.249 -0.977 2.613 2.789 -0.105 0.347 0.362 
38.000 13.853 26.853 1.000 0.000 14.310 27.960 13.120 29.392 0.955 0.278 0.014 -0.015 4.761 4.761 0.842 0.842 0.093 0.093 -1.538 1.852 2.408 11.372 11.372 16.082 0.457 1.107 1.198 -0.733 2.539 2.643 -0.045 0.278 0.281 
39.000 14.853 26.853 1.000 0.000 12.387 24.827 13.693 28.573 0.920 0.120 0.011 -0.018 4.761 4.761 0.841 0.841 0.093 0.093 1.688 4.843 5.129 11.371 11.371 16.081 -2.466 -2.026 3.192 -1.160 1.720 2.074 -0.080 0.120 0.144 
40.000 15.853 26.853 1.000 0.000 16.360 16.867 15.008 26.013 0.983 -0.249 0.012 -0.029 4.760 4.760 0.841 0.841 0.093 0.093 -1.748 11.825 11.954 11.371 11.371 16.081 0.507 -9.986 9.999 -0.845 -0.840 1.191 -0.017 -0.249 0.250 
41.000 16.853 26.853 1.000 0.000 18.567 27.281 16.575 26.108 1.071 -0.233 0.014 -0.025 4.760 4.760 0.841 0.841 0.093 0.093 -2.576 -1.517 2.990 11.371 11.371 16.081 1.714 0.428 1.767 -0.278 -0.745 0.796 0.071 -0.233 0.244 
42.000 17.853 26.853 1.000 0.000 17.204 27.692 17.546 26.286 1.071 -0.204 0.012 -0.020 4.760 4.760 0.840 0.840 0.093 0.093 0.442 -1.818 1.871 11.371 11.371 16.080 -0.649 0.839 1.061 -0.307 -0.567 0.645 0.071 -0.204 0.216 
43.000 18.853 26.853 1.000 0.000 17.924 26.501 18.460 26.177 1.063 -0.212 0.010 -0.018 4.759 4.759 0.840 0.840 0.093 0.093 0.693 -0.419 0.810 11.370 11.370 16.080 -0.929 -0.352 0.993 -0.393 -0.676 0.782 0.063 -0.212 0.221 
44.000 19.853 26.853 1.000 0.000 20.773 27.993 19.806 26.424 1.109 -0.170 0.010 -0.014 4.759 4.759 0.840 0.840 0.093 0.093 -1.250 -2.028 2.382 11.370 11.370 16.080 0.920 1.140 1.465 -0.047 -0.429 0.431 0.109 -0.170 0.202 
45.000 20.853 26.853 1.000 0.000 18.797 26.605 20.436 26.334 1.057 -0.173 0.007 -0.012 4.759 4.759 0.839 0.839 0.093 0.093 2.118 -0.350 2.147 11.370 11.370 16.079 -2.056 -0.248 2.071 -0.417 -0.519 0.666 0.057 -0.173 0.182 
46.000 21.853 26.853 1.000 0.000 22.267 28.117 21.668 26.604 1.087 -0.127 0.007 -0.009 4.758 4.758 0.839 0.839 0.093 0.093 -0.774 -1.956 2.104 11.370 11.370 16.079 0.414 1.264 1.330 -0.185 -0.249 0.310 0.087 -0.127 0.154 
47.000 22.841 26.697 0.988 -0.156 24.035 26.047 23.045 26.379 1.132 -0.149 0.008 -0.008 4.758 4.758 0.839 0.839 0.093 0.093 -1.280 0.430 1.350 11.369 11.369 16.079 1.194 -0.650 1.359 0.204 -0.318 0.377 0.144 0.007 0.144 
48.000 23.792 26.388 0.951 -0.309 22.755 28.338 23.854 26.708 1.097 -0.095 0.005 -0.005 4.757 4.757 0.839 0.839 0.093 0.093 1.421 -2.107 2.542 11.369 11.369 16.078 -1.037 1.950 2.209 0.062 0.320 0.326 0.146 0.214 0.259 
49.000 24.683 25.934 0.891 -0.454 24.544 26.502 24.860 26.588 1.091 -0.103 0.004 -0.005 4.757 4.757 0.839 0.839 0.093 0.093 0.408 0.111 0.423 11.369 11.369 16.078 -0.139 0.568 0.585 0.177 0.654 0.677 0.200 0.351 0.404 
50.000 25.492 25.346 0.809 -0.588 24.378 24.798 25.594 26.103 1.049 -0.158 0.002 -0.006 4.757 4.757 0.839 0.839 0.093 0.093 1.572 1.687 2.306 11.369 11.369 16.078 -1.114 -0.548 1.241 0.102 0.757 0.764 0.240 0.430 0.492 
51.000 26.199 24.639 0.707 -0.707 26.380 24.602 26.584 25.641 1.043 -0.204 0.002 -0.007 4.757 4.757 0.839 0.839 0.093 0.093 0.263 1.343 1.369 11.368 11.368 16.077 0.181 -0.037 0.185 0.385 1.002 1.073 0.336 0.503 0.605 
52.000 26.787 23.830 0.588 -0.809 25.328 24.087 27.107 25.132 0.977 -0.251 -0.001 -0.008 4.756 4.756 0.839 0.839 0.093 0.093 2.299 1.351 2.666 11.368 11.368 16.077 -1.459 0.257 1.481 0.320 1.302 1.341 0.389 0.558 0.681 
53.000 27.241 22.939 0.454 -0.891 26.748 22.217 27.782 24.279 0.937 -0.337 -0.002 -0.010 4.756 4.756 0.839 0.839 0.093 0.093 1.336 2.664 2.981 11.368 11.368 16.077 -0.493 -0.722 0.874 0.541 1.340 1.445 0.483 0.554 0.735 
54.000 27.550 21.988 0.309 -0.951 28.671 21.890 28.708 23.478 0.933 -0.407 -0.002 -0.011 4.756 4.756 0.839 0.839 0.093 0.093 0.047 2.052 2.052 11.368 11.368 16.077 1.121 -0.098 1.125 1.158 1.490 1.887 0.624 0.544 0.828 
55.000 27.706 21.000 0.156 -0.988 27.413 20.288 29.137 22.441 0.865 -0.501 -0.004 -0.013 4.756 4.756 0.839 0.839 0.093 0.093 2.228 2.782 3.564 11.368 11.368 16.077 -0.293 -0.712 0.770 1.431 1.441 2.031 0.709 0.487 0.861 
56.000 27.706 20.000 0.000 -1.000 15.755 13.500 26.780 20.031 0.440 -0.763 -0.019 -0.021 4.756 4.756 0.839 0.839 0.093 0.093 14.247 8.440 16.560 11.368 11.368 16.077 -11.951 -6.500 13.604 -0.926 0.031 0.927 0.440 0.237 0.500 
57.000 27.706 19.000 0.000 -1.000 28.032 19.897 27.404 19.411 0.445 -0.765 -0.016 -0.018 4.756 4.756 0.839 0.839 0.093 0.093 -0.812 -0.628 1.027 11.368 11.368 16.076 0.326 0.897 0.954 -0.302 0.411 0.510 0.445 0.235 0.503 
58.000 27.706 18.000 0.000 -1.000 27.323 17.636 27.730 18.417 0.413 -0.813 -0.015 -0.017 4.756 4.756 0.839 0.839 0.093 0.093 0.526 1.010 1.138 11.368 11.368 16.076 -0.383 -0.364 0.528 0.024 0.417 0.418 0.413 0.187 0.453 
59.000 27.706 17.000 0.000 -1.000 28.642 18.093 28.256 17.715 0.413 -0.816 -0.013 -0.015 4.756 4.756 0.839 0.839 0.093 0.093 -0.499 -0.489 0.698 11.368 11.368 16.076 0.936 1.093 1.439 0.550 0.715 0.902 0.413 0.184 0.452 
60.000 27.706 16.000 0.000 -1.000 27.236 13.214 28.344 16.066 0.357 -0.940 -0.013 -0.018 4.756 4.756 0.839 0.839 0.093 0.093 1.432 3.685 3.954 11.368 11.368 16.076 -0.470 -2.786 2.825 0.638 0.066 0.642 0.357 0.060 0.362 
61.000 27.706 15.000 0.000 -1.000 29.309 16.462 28.839 15.428 0.361 -0.918 -0.011 -0.014 4.756 4.756 0.839 0.839 0.093 0.093 -0.608 -1.336 1.468 11.368 11.368 16.076 1.603 1.462 2.170 1.133 0.428 1.211 0.361 0.082 0.371 
62.000 27.706 14.000 0.000 -1.000 27.315 12.685 28.774 14.098 0.294 -0.986 -0.012 -0.015 4.756 4.756 0.839 0.839 0.093 0.093 1.885 1.826 2.624 11.368 11.368 16.076 -0.391 -1.315 1.372 1.068 0.098 1.072 0.294 0.014 0.295 
63.000 27.706 13.000 0.000 -1.000 28.197 13.649 28.871 13.233 0.256 -0.985 -0.012 -0.013 4.756 4.756 0.839 0.839 0.093 0.093 0.871 -0.537 1.023 11.368 11.368 16.076 0.491 0.649 0.814 1.165 0.233 1.188 0.256 0.015 0.257 
64.000 27.706 12.000 0.000 -1.000 30.799 18.608 29.505 13.687 0.294 -0.810 -0.009 -0.005 4.756 4.756 0.839 0.839 0.093 0.093 -1.672 -6.360 6.576 11.368 11.368 16.076 3.093 6.608 7.296 1.799 1.687 2.466 0.294 0.190 0.350 
65.000 27.706 11.000 0.000 -1.000 28.777 11.139 29.568 12.484 0.254 -0.866 -0.009 -0.006 4.756 4.756 0.839 0.839 0.093 0.093 1.022 1.738 2.016 11.368 11.368 16.076 1.071 0.139 1.080 1.862 1.484 2.381 0.254 0.134 0.287 
66.000 27.706 10.000 0.000 -1.000 28.580 8.976 29.541 11.020 0.208 -0.950 -0.010 -0.008 4.756 4.756 0.839 0.839 0.093 0.093 1.242 2.642 2.919 11.368 11.368 16.076 0.874 -1.024 1.346 1.835 1.020 2.100 0.208 0.050 0.214 
67.000 27.706 9.000 0.000 -1.000 29.650 8.525 29.727 9.721 0.196 -1.004 -0.009 -0.009 4.756 4.756 0.839 0.839 0.093 0.093 0.100 1.545 1.549 11.368 11.368 16.076 1.944 -0.475 2.001 2.021 0.721 2.146 0.196 -0.004 0.196 
68.000 27.706 8.000 0.000 -1.000 24.750 8.668 28.753 8.706 0.034 -1.014 -0.014 -0.008 4.756 4.756 0.839 0.839 0.093 0.093 5.173 0.049 5.173 11.368 11.368 16.076 -2.956 0.668 3.031 1.047 0.706 1.263 0.034 -0.014 0.037 
69.000 27.706 7.000 0.000 -1.000 26.251 7.666 28.214 7.686 -0.054 -1.024 -0.015 -0.007 4.756 4.756 0.839 0.839 0.093 0.093 2.536 0.026 2.536 11.368 11.368 16.076 -1.455 0.666 1.600 0.508 0.686 0.853 -0.054 -0.024 0.059 
70.000 27.706 6.000 0.000 -1.000 27.522 5.152 28.015 6.321 -0.088 -1.076 -0.014 -0.008 4.756 4.756 0.839 0.839 0.093 0.093 0.637 1.510 1.639 11.368 11.368 16.076 -0.184 -0.848 0.868 0.309 0.321 0.446 -0.088 -0.076 0.116 
71.000 27.706 5.000 0.000 -1.000 28.622 5.652 28.084 5.337 -0.081 -1.072 -0.012 -0.007 4.756 4.756 0.839 0.839 0.093 0.093 -0.695 -0.407 0.805 11.368 11.368 16.076 0.916 0.652 1.124 0.378 0.337 0.507 -0.081 -0.072 0.109 
72.000 27.550 4.012 -0.156 -0.988 23.765 1.491 27.045 3.638 -0.219 -1.161 -0.015 -0.009 4.756 4.756 0.839 0.839 0.093 0.093 4.238 2.774 5.065 11.368 11.368 16.076 -3.785 -2.521 4.548 -0.505 -0.374 0.629 -0.063 -0.173 0.184 
73.000 27.241 3.061 -0.309 -0.951 28.273 2.867 27.153 2.565 -0.191 -1.159 -0.012 -0.008 4.756 4.756 0.839 0.839 0.093 0.093 -1.447 -0.390 1.499 11.368 11.368 16.076 1.032 -0.194 1.050 -0.088 -0.496 0.504 0.118 -0.208 0.239 
74.000 26.787 2.170 -0.454 -0.891 27.491 1.341 27.082 1.392 -0.188 -1.169 -0.010 -0.007 4.756 4.756 0.839 0.839 0.093 0.093 -0.529 0.065 0.533 11.368 11.368 16.076 0.704 -0.829 1.088 0.295 -0.778 0.832 0.266 -0.278 0.385 
75.000 26.199 1.361 -0.588 -0.809 25.366 0.865 26.548 0.368 -0.243 -1.157 -0.011 -0.006 4.756 4.756 0.839 0.839 0.093 0.093 1.528 -0.642 1.657 11.368 11.368 16.076 -0.833 -0.496 0.969 0.349 -0.993 1.053 0.345 -0.348 0.490 
76.000 25.492 0.654 -0.707 -0.707 24.986 0.696 26.007 -0.453 -0.293 -1.119 -0.011 -0.004 4.756 4.756 0.839 0.839 0.093 0.093 1.319 -1.485 1.986 11.368 11.368 16.076 -0.506 0.042 0.508 0.515 -1.107 1.221 0.414 -0.412 0.584 
77.000 24.683 0.066 -0.809 -0.588 25.717 -1.467 25.714 -1.548 -0.304 -1.120 -0.010 -0.003 4.756 4.756 0.839 0.839 0.093 0.093 -0.003 -0.105 0.105 11.368 11.368 16.076 1.034 -1.533 1.849 1.031 -1.614 1.916 0.505 -0.532 0.733 
78.000 23.792 -0.388 -0.891 -0.454 23.725 0.219 25.029 -2.015 -0.364 -1.038 -0.011 0.000 4.756 4.756 0.839 0.839 0.093 0.093 1.685 -2.887 3.343 11.368 11.368 16.076 -0.067 0.607 0.611 1.237 -1.627 2.044 0.527 -0.584 0.786 
79.000 22.841 -0.697 -0.951 -0.309 22.994 -0.115 24.287 -2.388 -0.425 -0.951 -0.012 0.003 4.756 4.756 0.839 0.839 0.093 0.093 1.670 -2.938 3.379 11.368 11.368 16.076 0.153 0.582 0.602 1.446 -1.691 2.225 0.526 -0.642 0.830 
80.000 21.853 -0.853 -0.988 -0.156 24.760 -3.943 24.065 -3.476 -0.410 -0.965 -0.010 0.002 4.756 4.756 0.839 0.839 0.093 0.093 -0.898 0.604 1.082 11.368 11.368 16.076 2.907 -3.090 4.242 2.212 -2.623 3.431 0.578 -0.809 0.994 
81.000 20.853 -0.853 -1.000 0.000 19.755 1.569 22.773 -3.081 -0.535 -0.785 -0.013 0.009 4.756 4.756 0.839 0.839 0.093 0.093 3.900 -6.010 7.164 11.368 11.368 16.076 -1.098 2.422 2.659 1.920 -2.228 2.942 0.465 -0.785 0.913 
82.000 19.853 -0.853 -1.000 0.000 21.078 0.186 21.976 -2.950 -0.582 -0.657 -0.013 0.012 4.756 4.756 0.839 0.839 0.093 0.093 1.160 -4.053 4.215 11.368 11.368 16.076 1.225 1.039 1.606 2.123 -2.097 2.984 0.418 -0.657 0.779 
83.000 18.853 -0.853 -1.000 0.000 20.188 -0.164 21.121 -2.828 -0.630 -0.543 -0.013 0.015 4.756 4.756 0.839 0.839 0.093 0.093 1.206 -3.443 3.648 11.368 11.368 16.076 1.335 0.689 1.502 2.268 -1.975 3.008 0.370 -0.543 0.657 
84.000 17.853 -0.853 -1.000 0.000 17.900 -2.238 19.905 -3.115 -0.720 -0.495 -0.014 0.014 4.756 4.756 0.839 0.839 0.093 0.093 2.591 -1.133 2.828 11.368 11.368 16.076 0.047 -1.385 1.386 2.052 -2.262 3.054 0.280 -0.495 0.569 
85.000 16.853 -0.853 -1.000 0.000 19.082 -1.141 19.162 -3.052 -0.737 -0.408 -0.013 0.016 4.756 4.756 0.839 0.839 0.093 0.093 0.104 -2.469 2.471 11.368 11.368 16.076 2.229 -0.288 2.248 2.309 -2.199 3.189 0.263 -0.408 0.485 
86.000 15.853 -0.853 -1.000 0.000 12.468 -1.637 17.078 -3.047 -0.926 -0.338 -0.018 0.016 4.756 4.756 0.839 0.839 0.093 0.093 5.957 -1.822 6.230 11.368 11.368 16.076 -3.385 -0.784 3.475 1.225 -2.194 2.513 0.074 -0.338 0.346 
87.000 14.853 -0.853 -1.000 0.000 14.101 -1.133 15.688 -2.876 -1.004 -0.256 -0.019 0.017 4.756 4.756 0.839 0.839 0.093 0.093 2.051 -2.252 3.047 11.368 11.368 16.076 -0.752 -0.280 0.802 0.835 -2.023 2.189 -0.004 -0.256 0.256 
88.000 13.853 -0.853 -1.000 0.000 14.448 -1.825 14.631 -2.836 -1.030 -0.200 -0.017 0.017 4.756 4.756 0.839 0.839 0.093 0.093 0.236 -1.307 1.328 11.368 11.368 16.076 0.595 -0.972 1.140 0.778 -1.983 2.130 -0.030 -0.200 0.202 
89.000 12.853 -0.853 -1.000 0.000 12.093 -0.565 13.260 -2.478 -1.091 -0.111 -0.017 0.018 4.756 4.756 0.839 0.839 0.093 0.093 1.508 -2.471 2.895 11.368 11.368 16.076 -0.760 0.288 0.813 0.407 -1.625 1.675 -0.091 -0.111 0.144 
90.000 11.853 -0.853 -1.000 0.000 12.546 -1.795 12.254 -2.409 -1.097 -0.070 -0.015 0.017 4.756 4.756 0.839 0.839 0.093 0.093 -0.378 -0.793 0.879 11.368 11.368 16.076 0.693 -0.942 1.169 0.401 -1.556 1.607 -0.097 -0.070 0.120 
91.000 10.853 -0.853 -1.000 0.000 11.243 -0.158 11.176 -1.954 -1.109 0.016 -0.013 0.018 4.756 4.756 0.839 0.839 0.093 0.093 -0.086 -2.320 2.322 11.368 11.368 16.076 0.390 0.695 0.797 0.323 -1.101 1.147 -0.109 0.016 0.110 
92.000 9.853 -0.853 -1.000 0.000 9.514 0.580 9.942 -1.369 -1.139 0.107 -0.012 0.018 4.756 4.756 0.839 0.839 0.093 0.093 0.553 -2.518 2.578 11.368 11.368 16.076 -0.339 1.433 1.473 0.089 -0.516 0.523 -0.139 0.107 0.176 
93.000 8.853 -0.853 -1.000 0.000 9.391 -0.133 8.936 -1.006 -1.134 0.159 -0.011 0.018 4.756 4.756 0.839 0.839 0.093 0.093 -0.588 -1.128 1.272 11.368 11.368 16.076 0.538 0.720 0.899 0.083 -0.153 0.174 -0.134 0.159 0.208 
94.000 7.853 -0.853 -1.000 0.000 8.459 1.186 7.950 -0.387 -1.125 0.237 -0.009 0.018 4.756 4.756 0.839 0.839 0.093 0.093 -0.657 -2.033 2.137 11.368 11.368 16.076 0.606 2.039 2.127 0.097 0.466 0.476 -0.125 0.237 0.268 
95.000 6.853 -0.853 -1.000 0.000 8.628 -1.333 7.233 -0.418 -1.081 0.220 -0.006 0.015 4.756 4.756 0.839 0.839 0.093 0.093 -1.803 1.183 2.156 11.368 11.368 16.076 1.775 -0.480 1.839 0.380 0.435 0.578 -0.081 0.220 0.235 
96.000 5.853 -0.853 -1.000 0.000 -6.754 -4.563 3.234 -1.185 -1.468 0.107 -0.019 0.009 4.756 4.756 0.839 0.839 0.093 0.093 12.906 4.366 13.625 11.368 11.368 16.076 -12.607 -3.710 13.142 -2.619 -0.332 2.640 -0.468 0.107 0.480 
97.000 4.853 -0.853 -1.000 0.000 5.233 -0.260 2.550 -0.893 -1.385 0.140 -0.014 0.009 4.756 4.756 0.839 0.839 0.093 0.093 -3.467 -0.818 3.562 11.368 11.368 16.076 0.380 0.593 0.704 -2.303 -0.040 2.304 -0.385 0.140 0.409 
98.000 3.853 -0.853 -1.000 0.000 4.550 -1.337 1.931 -0.885 -1.298 0.131 -0.009 0.007 4.756 4.756 0.839 0.839 0.093 0.093 -3.385 0.584 3.435 11.368 11.368 16.076 0.697 -0.484 0.849 -1.922 -0.032 1.923 -0.298 0.131 0.326 
99.000 2.853 -0.853 -1.000 0.000 2.739 -2.660 1.109 -1.185 -1.245 0.083 -0.005 0.005 4.756 4.756 0.839 0.839 0.093 0.093 -2.107 1.906 2.841 11.368 11.368 16.076 -0.114 -1.807 1.811 -1.744 -0.332 1.776 -0.245 0.083 0.258 
