0.000 0.000 0.000 0.000 0.000 -1.392 0.204 -1.390 0.204 -0.014 0.002 0.000 0.000 0.999 0.999 3.147 3.147 8.800 8.800 1.392 -0.204 1.407 30.163 30.163 42.657 -1.392 0.204 1.407 -1.390 0.204 1.405 -0.014 0.002 0.014 
1.000 0.000 1.000 0.000 1.000 -1.045 3.279 -1.075 3.021 0.023 0.313 2.362 20.216 0.957 0.957 8.355 8.355 75.866 75.866 -0.359 -3.073 3.094 3.453 3.453 4.883 -1.045 2.279 2.507 -1.075 2.021 2.289 0.023 -0.687 0.688 
2.000 0.000 2.000 0.000 1.000 -0.858 2.385 -0.861 2.398 0.898 27.781 -6.177 -255.519 0.993 0.993 19.186 19.186 183.135 183.135 -0.194 0.949 0.968 8.481 8.481 11.994 -0.858 0.385 0.940 -0.861 0.398 0.948 0.898 26.781 26.796 
3.000 0.000 3.000 0.000 1.000 -1.099 2.683 -1.096 2.760 4.564 10.442 -43.383 -95.366 0.999 0.999 16.194 16.194 157.385 157.385 1.136 27.496 27.520 18.836 18.836 26.638 -1.099 -0.317 1.144 -1.096 -0.240 1.122 4.564 9.442 10.487 
4.000 0.000 4.000 0.000 1.000 0.538 4.152 0.550 4.189 -12.629 -4.029 127.657 46.583 0.998 0.998 14.507 14.507 142.268 142.268 2.930 9.051 9.513 15.714 15.714 22.222 0.538 0.152 0.559 0.550 0.189 0.581 -12.629 -5.029 13.594 
5.000 0.000 5.000 0.000 1.000 -1.065 4.564 -1.122 4.541 14.708 2.441 -143.364 -17.176 0.997 0.997 13.568 13.568 133.718 133.718 -11.015 -4.404 11.862 13.949 13.949 19.726 -1.065 -0.436 1.151 -1.122 -0.459 1.212 14.708 1.441 14.778 
6.000 0.000 6.000 0.000 1.000 -1.011 4.570 -0.924 4.584 5.921 7.506 -57.868 -68.218 0.997 0.997 12.995 12.995 128.433 128.433 14.597 2.412 14.795 12.956 12.956 18.323 -1.011 -1.430 1.751 -0.924 -1.416 1.691 5.921 6.506 8.797 
7.000 0.000 7.000 0.000 1.000 -0.157 9.360 -0.123 9.378 -4.039 -35.333 41.054 359.814 0.997 0.997 12.630 12.630 125.033 125.033 5.154 2.730 5.833 12.346 12.346 17.460 -0.157 2.360 2.365 -0.123 2.378 2.381 -4.039 -36.333 36.557 
8.000 0.000 8.000 0.000 1.000 -1.584 6.504 -1.602 6.277 12.921 21.147 -128.254 -201.253 0.996 0.996 12.396 12.396 122.833 122.833 -2.578 -32.459 32.562 11.955 11.955 16.907 -1.584 -1.496 2.179 -1.602 -1.723 2.353 12.921 20.147 23.934 
9.000 0.000 9.000 0.000 1.000 0.799 8.386 0.876 8.525 -16.670 -1.567 166.557 23.879 0.996 0.996 12.250 12.250 121.440 121.440 10.520 19.038 21.751 11.703 11.703 16.551 0.799 -0.614 1.008 0.876 -0.475 0.996 -16.670 -2.567 16.867 
10.000 0.000 10.000 0.000 1.000 -1.208 9.839 -1.317 9.817 12.788 -4.763 -126.565 56.132 0.996 0.996 12.162 12.162 120.597 120.597 -14.587 -2.881 14.868 11.545 11.545 16.327 -1.208 -0.161 1.219 -1.317 -0.183 1.330 12.788 -5.763 14.026 
11.000 0.000 11.000 0.000 1.000 0.785 9.523 0.867 9.489 -13.216 9.312 132.426 -84.187 0.996 0.996 12.113 12.113 120.121 120.121 10.685 -4.469 11.582 11.450 11.450 16.193 0.785 -1.477 1.673 0.867 -1.511 1.742 -13.216 8.312 15.612 
12.000 0.000 12.000 0.000 1.000 1.226 12.342 1.121 12.392 -8.637 -14.043 87.953 148.739 0.996 0.996 12.088 12.088 119.876 119.876 -13.575 6.459 15.033 11.397 11.397 16.117 1.226 0.342 1.273 1.121 0.392 1.188 -8.637 -15.043 17.346 
13.000 0.000 13.000 0.000 1.000 -0.880 13.535 -0.931 13.418 16.802 -8.369 -165.796 93.469 0.996 0.996 12.077 12.077 119.766 119.766 -6.636 -15.186 16.572 11.370 11.370 16.079 -0.880 0.535 1.030 -0.931 0.418 1.021 16.802 -9.369 19.237 
14.000 0.000 14.000 0.000 1.000 -2.088 14.557 -1.949 14.483 20.213 -4.494 -201.642 55.629 0.996 0.996 12.073 12.073 119.725 119.725 17.958 -9.509 20.320 11.358 11.358 16.062 -2.088 0.557 2.161 -1.949 0.483 2.008 20.213 -5.494 20.946 
15.000 0.000 15.000 0.000 1.000 1.510 15.147 1.640 15.107 -23.560 2.541 234.472 -14.216 0.996 0.996 12.071 12.071 119.714 119.714 16.754 -5.157 17.530 11.353 11.353 16.056 1.510 0.147 1.517 1.640 0.107 1.643 -23.560 1.541 23.610 
16.000 0.000 16.000 0.000 1.000 3.918 18.766 3.717 18.757 -32.551 -22.212 326.880 233.421 0.996 0.996 12.071 12.071 119.713 119.713 -25.838 -1.118 25.862 11.352 11.352 16.054 3.918 2.766 4.796 3.717 2.757 4.628 -32.551 -23.212 39.980 
17.000 0.000 17.000 0.000 1.000 -0.812 17.072 -1.029 16.913 30.291 17.792 -298.832 -164.640 0.996 0.996 12.071 12.071 119.713 119.713 -28.022 -20.527 34.736 11.352 11.352 16.054 -0.812 0.072 0.815 -1.029 -0.087 1.033 30.291 16.792 34.634 
18.000 0.000 18.000 0.000 1.000 -1.926 16.171 -1.684 16.315 25.327 27.793 -252.205 -266.433 0.996 0.996 12.071 12.071 119.711 119.711 31.187 18.534 36.279 11.352 11.352 16.054 -1.926 -1.829 2.656 -1.684 -1.685 2.382 25.327 26.793 36.868 
19.000 0.000 19.000 0.000 1.000 -0.891 19.736 -0.701 19.925 4.296 -8.996 -44.266 99.102 0.996 0.996 12.071 12.071 119.708 119.708 24.534 24.371 34.581 11.352 11.352 16.054 -0.891 0.736 1.156 -0.701 0.925 1.160 4.296 -9.996 10.880 
20.000 0.000 20.000 0.000 1.000 -0.794 20.753 -0.760 20.677 1.388 -2.466 -15.613 34.751 0.996 0.996 12.070 12.070 119.704 119.704 4.389 -9.824 10.760 11.351 11.351 16.053 -0.794 0.753 1.094 -0.760 0.677 1.018 1.388 -3.466 3.734 
21.000 0.000 21.000 0.000 1.000 1.213 19.185 1.208 19.177 -19.736 23.100 195.681 -220.822 0.996 0.996 12.070 12.070 119.700 119.700 -0.585 -0.975 1.137 11.351 11.351 16.052 1.213 -1.815 2.183 1.208 -1.823 2.187 -19.736 22.100 29.630 
22.000 0.156 21.988 0.156 0.988 1.109 21.185 0.957 21.349 -9.085 1.033 91.065 -2.184 0.996 0.996 12.070 12.070 119.698 119.698 -19.636 21.093 28.818 11.350 11.350 16.052 0.953 -0.803 1.246 0.801 -0.639 1.025 -9.241 0.045 9.241 
23.000 0.465 22.939 0.309 0.951 0.306 22.597 0.241 22.595 2.508 -3.181 -24.049 39.976 0.996 0.996 12.070 12.070 119.696 119.696 -8.434 -0.215 8.437 11.350 11.350 16.051 -0.159 -0.342 0.377 -0.224 -0.344 0.410 2.199 -4.132 4.681 
24.000 0.919 23.830 0.454 0.891 4.045 18.862 4.035 18.866 -33.754 41.999 338.701 -411.876 0.996 0.996 12.069 12.069 119.695 119.695 -1.296 0.552 1.409 11.350 11.350 16.051 3.126 -4.968 5.870 3.116 -4.964 5.861 -34.208 41.108 53.479 
25.000 1.507 24.639 0.588 0.809 2.410 27.251 -11.693 42.006 133.758 -190.777 -1334.665 1914.044 7.490 7.490 71.527 71.527 715.818 715.818 -32.129 33.614 46.499 11.350 11.350 16.051 0.903 2.612 2.764 -13.200 17.367 21.814 133.170 -191.586 233.322 
26.000 2.214 25.346 0.707 0.707 1.367 26.248 1.396 26.205 12.149 -35.736 -117.608 362.228 1.000 1.000 14.072 14.072 139.240 139.240 120.698 -175.019 212.602 64.091 64.091 90.638 -0.847 0.902 1.237 -0.818 0.859 1.186 11.442 -36.443 38.197 
27.000 3.023 25.934 0.809 0.588 2.450 26.607 2.512 26.406 -2.424 -9.082 26.824 99.916 0.997 0.997 12.417 12.417 123.098 123.098 11.096 -36.138 37.803 13.413 13.413 18.969 -0.573 0.673 0.884 -0.511 0.472 0.696 -3.233 -9.670 10.196 
28.000 3.914 26.388 0.891 0.454 2.778 26.450 2.758 26.384 -0.825 5.256 11.103 -42.554 0.996 0.996 12.241 12.241 121.404 121.404 -2.690 -9.126 9.514 11.731 11.731 16.590 -1.136 0.062 1.138 -1.156 -0.004 1.156 -1.716 4.802 5.099 
29.000 4.865 26.697 0.951 0.309 5.267 25.785 5.242 25.829 -21.068 17.759 213.853 -168.149 0.996 0.996 12.129 12.129 120.300 120.300 -3.333 5.855 6.737 11.536 11.536 16.315 0.402 -0.912 0.997 0.377 -0.868 0.946 -22.019 17.450 28.095 
30.000 5.853 26.853 0.988 0.156 5.777 26.740 5.611 26.869 -10.657 8.278 111.795 -74.938 0.996 0.996 12.084 12.084 119.853 119.853 -21.603 16.848 27.396 11.415 11.415 16.143 -0.076 -0.113 0.136 -0.242 0.016 0.242 -11.645 8.122 14.198 
31.000 6.853 26.853 1.000 0.000 6.743 24.839 6.652 24.919 -9.938 30.471 105.728 -297.850 0.996 0.996 12.071 12.071 119.710 119.710 -11.789 10.309 15.660 11.366 11.366 16.074 -0.110 -2.014 2.017 -0.201 -1.934 1.945 -10.938 30.471 32.375 
32.000 7.853 26.853 1.000 0.000 11.939 31.791 11.821 31.974 -47.677 -45.001 484.587 454.607 0.996 0.996 12.070 12.070 119.697 119.697 -15.225 23.599 28.084 11.351 11.351 16.053 4.086 4.938 6.409 3.968 5.121 6.478 -48.677 -45.001 66.292 
33.000 8.853 26.853 1.000 0.000 7.807 26.836 -11.358 9.339 204.264 197.207 -2032.433 -1965.293 7.490 7.490 71.527 71.527 715.818 715.818 -43.663 -39.863 59.123 11.350 11.350 16.052 -1.046 -0.017 1.046 -20.211 -17.514 26.744 203.264 197.207 283.208 
34.000 9.853 26.853 1.000 0.000 9.671 27.218 14.027 31.481 -29.934 -8.194 310.984 90.122 9.880 9.880 99.815 99.815 997.860 997.860 183.234 179.327 256.385 64.091 64.091 90.638 -0.182 0.365 0.408 4.174 4.628 6.232 -30.934 -8.194 32.000 
35.000 10.853 26.853 1.000 0.000 10.397 27.954 10.394 27.953 18.603 35.367 -174.292 -345.465 1.000 1.000 15.582 15.582 154.022 154.022 -26.304 -4.667 26.715 89.993 89.993 127.270 -0.456 1.101 1.192 -0.459 1.100 1.192 17.603 35.367 39.505 
36.000 11.853 26.853 1.000 0.000 12.352 27.417 12.426 27.577 -2.658 19.992 36.228 -196.228 0.998 0.998 12.721 12.721 126.106 126.106 16.645 35.903 39.574 14.994 14.994 21.205 0.499 0.564 0.753 0.573 0.724 0.923 -3.658 19.992 20.324 
37.000 12.853 26.853 1.000 0.000 12.589 28.074 12.570 28.208 7.204 5.967 -62.108 -57.919 0.997 0.997 12.342 12.342 122.425 122.425 -2.821 19.495 19.698 12.060 12.060 17.055 -0.264 1.221 1.249 -0.283 1.355 1.384 6.204 5.967 8.608 
38.000 13.853 26.853 1.000 0.000 14.310 27.960 14.350 28.006 -3.581 6.437 45.222 -63.200 0.996 0.996 12.156 12.156 120.583 120.583 5.463 6.215 8.275 11.646 11.646 16.470 0.457 1.107 1.198 0.497 1.153 1.256 -4.581 6.437 7.900 
39.000 14.853 26.853 1.000 0.000 12.387 24.827 12.375 24.900 26.413 33.775 -254.565 -337.475 0.996 0.996 12.088 12.088 119.900 119.900 -1.617 9.616 9.751 11.444 11.444 16.185 -2.466 -2.026 3.192 -2.478 -1.953 3.155 25.413 33.775 42.268 
40.000 15.853 26.853 1.000 0.000 16.360 16.867 26.184 35.180 -108.473 -80.605 1093.088 804.078 7.496 7.496 71.577 71.577 716.304 716.304 22.428 41.808 47.444 11.371 11.371 16.081 0.507 -9.986 9.999 10.331 8.327 13.269 -109.473 -80.605 135.947 
41.000 16.853 26.853 1.000 0.000 18.567 27.281 18.542 27.263 -29.017 -7.248 297.735 69.931 1.000 1.000 14.077 14.077 139.291 139.291 -100.856 -72.706 124.330 64.134 64.134 90.700 1.714 0.428 1.767 1.689 0.410 1.739 -30.017 -7.248 30.880 
42.000 17.853 26.853 1.000 0.000 17.204 27.692 17.050 27.649 11.717 -8.598 -106.358 84.332 0.997 0.997 12.425 12.425 123.165 123.165 -27.678 -7.677 28.723 13.419 13.419 18.977 -0.649 0.839 1.061 -0.803 0.796 1.131 10.717 -8.598 13.740 
43.000 18.853 26.853 1.000 0.000 17.924 26.501 18.003 26.447 7.028 5.886 -60.553 -59.759 0.996 0.996 12.251 12.251 121.495 121.495 10.844 -7.450 13.156 11.739 11.739 16.601 -0.929 -0.352 0.993 -0.850 -0.406 0.942 6.028 5.886 8.425 
44.000 19.853 26.853 1.000 0.000 20.773 27.993 20.805 28.026 -13.497 -13.069 144.279 129.371 0.996 0.996 12.140 12.140 120.399 120.399 4.257 4.340 6.079 11.547 11.547 16.330 0.920 1.140 1.465 0.952 1.173 1.510 -14.497 -13.069 19.518 
45.000 20.853 26.853 1.000 0.000 18.797 26.605 18.709 26.516 22.611 6.627 -215.702 -66.473 0.996 0.996 12.094 12.094 119.943 119.943 -11.489 -11.648 16.361 11.426 11.426 16.159 -2.056 -0.248 2.071 -2.144 -0.337 2.170 21.611 6.627 22.605 
46.000 21.853 26.853 1.000 0.000 22.267 28.117 22.414 28.156 -13.596 -12.502 144.548 124.329 0.996 0.996 12.078 12.078 119.781 119.781 19.053 5.026 19.705 11.376 11.376 16.089 0.414 1.264 1.330 0.561 1.303 1.419 -14.596 -12.502 19.218 
47.000 22.841 26.697 0.988 -0.156 24.035 26.047 23.917 25.966 -12.424 13.908 134.297 -138.759 0.996 0.996 12.075 12.075 119.747 119.747 -15.217 -10.393 18.428 11.359 11.359 16.064 1.194 -0.650 1.359 1.076 -0.731 1.301 -13.412 14.064 19.434 
48.000 23.792 26.388 0.951 -0.309 22.755 28.338 22.668 28.427 15.758 -16.160 -146.440 160.794 0.996 0.996 12.076 12.076 119.753 119.753 -11.262 11.536 16.122 11.356 11.356 16.060 -1.037 1.950 2.209 -1.124 2.039 2.329 14.807 -15.851 21.691 
49.000 24.683 25.934 0.891 -0.454 24.544 26.502 24.652 26.392 0.111 10.524 8.683 -104.664 0.996 0.996 12.077 12.077 119.760 119.760 13.882 -14.234 19.883 11.357 11.357 16.061 -0.139 0.568 0.585 -0.031 0.458 0.459 -0.780 10.978 11.006 
50.000 25.492 25.346 0.809 -0.588 24.378 24.798 24.381 24.892 12.421 20.033 -114.455 -200.924 0.996 0.996 12.076 12.076 119.758 119.758 0.385 12.118 12.124 11.357 11.357 16.062 -1.114 -0.548 1.241 -1.111 -0.454 1.200 11.612 20.621 23.666 
51.000 26.199 24.639 0.707 -0.707 26.380 24.602 26.461 24.760 -3.836 10.586 47.107 -108.429 0.996 0.996 12.075 12.075 119.747 119.747 10.422 20.323 22.839 11.357 11.357 16.061 0.181 -0.037 0.185 0.262 0.121 0.288 -4.543 11.293 12.173 
52.000 26.787 23.830 0.588 -0.809 25.328 24.087 25.307 24.174 17.803 8.240 -169.021 -86.052 0.996 0.996 12.074 12.074 119.734 119.734 -2.703 11.259 11.579 11.356 11.356 16.060 -1.459 0.257 1.481 -1.480 0.344 1.519 17.215 9.049 19.448 
53.000 27.241 22.939 0.454 -0.891 26.748 22.217 26.875 22.296 2.952 18.267 -22.095 -187.312 0.996 0.996 12.072 12.072 119.721 119.721 16.362 10.197 19.279 11.354 11.354 16.057 -0.493 -0.722 0.874 -0.366 -0.643 0.740 2.498 19.158 19.320 
54.000 27.550 21.988 0.309 -0.951 28.671 21.890 28.680 22.035 -8.248 6.905 89.794 -75.492 0.996 0.996 12.071 12.071 119.710 119.710 1.156 18.673 18.709 11.353 11.353 16.055 1.121 -0.098 1.125 1.130 0.047 1.131 -8.557 7.856 11.616 
55.000 27.706 21.000 0.156 -0.988 27.413 20.288 27.359 20.355 15.768 12.934 -149.692 -136.624 0.996 0.996 12.070 12.070 119.703 119.703 -6.981 8.652 11.117 11.351 11.351 16.053 -0.293 -0.712 0.770 -0.347 -0.645 0.732 15.612 13.922 20.918 
56.000 27.706 20.000 0.000 -1.000 15.755 13.500 15.967 13.654 124.000 62.784 -1234.655 -637.034 0.996 0.996 12.070 12.070 119.698 119.698 27.372 19.789 33.777 11.351 11.351 16.052 -11.951 -6.500 13.604 -11.739 -6.346 13.344 124.000 63.784 139.444 
57.000 27.706 19.000 0.000 -1.000 28.032 19.897 77.164 44.715 -514.231 -272.985 5141.545 2717.569 7.490 7.490 71.528 71.528 715.825 715.825 111.936 56.541 125.405 11.350 11.350 16.052 0.326 0.897 0.954 49.458 25.715 55.744 -514.231 -271.985 581.729 
58.000 27.706 18.000 0.000 -1.000 27.323 17.636 16.284 11.790 69.867 31.300 -703.084 -327.215 9.880 9.880 99.813 99.813 997.846 997.846 -464.389 -245.906 525.478 64.091 64.091 90.639 -0.383 -0.364 0.528 -11.422 -6.210 13.001 69.867 32.300 76.972 
59.000 27.706 17.000 0.000 -1.000 28.642 18.093 28.649 18.096 -59.423 -46.499 589.612 450.691 1.000 1.000 15.563 15.563 153.844 153.844 57.509 24.998 62.707 89.992 89.992 127.268 0.936 1.093 1.439 0.943 1.096 1.446 -59.423 -45.499 74.841 
60.000 27.706 16.000 0.000 -1.000 27.236 13.214 9.290 0.339 160.144 138.716 -1601.016 -1397.848 8.310 8.310 77.257 77.257 773.415 773.415 -58.010 -41.617 71.394 14.975 14.975 21.178 -0.470 -2.786 2.825 -18.416 -15.661 24.174 160.144 139.716 212.524 
61.000 27.706 15.000 0.000 -1.000 29.309 16.462 29.338 16.488 -27.749 -22.805 279.557 218.811 1.000 1.000 15.290 15.290 151.290 151.290 140.125 122.594 186.183 69.014 69.014 97.601 1.603 1.462 2.170 1.632 1.488 2.209 -27.749 -21.805 35.291 
62.000 27.706 14.000 0.000 -1.000 27.315 12.685 27.196 12.597 14.557 20.754 -140.533 -214.589 0.998 0.998 12.593 12.593 124.876 124.876 -25.725 -19.003 31.983 14.683 14.683 20.766 -0.391 -1.315 1.372 -0.510 -1.403 1.493 14.557 21.754 26.175 
63.000 27.706 13.000 0.000 -1.000 28.197 13.649 28.292 13.788 0.931 -9.387 -5.578 84.930 0.996 0.996 12.283 12.283 121.842 121.842 13.555 19.701 23.914 11.922 11.922 16.860 0.491 0.649 0.814 0.586 0.788 0.982 0.931 -8.387 8.439 
64.000 27.706 12.000 0.000 -1.000 30.799 18.608 30.787 18.502 -19.457 -58.032 198.455 572.704 0.996 0.996 12.133 12.133 120.350 120.350 -1.575 -14.207 14.295 11.582 11.582 16.379 3.093 6.608 7.296 3.081 6.502 7.195 -19.457 -57.032 60.260 
65.000 27.706 11.000 0.000 -1.000 28.777 11.139 21.171 -10.949 85.598 243.423 -851.164 -2439.134 7.511 7.511 71.674 71.674 717.271 717.271 -17.447 -50.669 53.589 11.419 11.419 16.149 1.071 0.139 1.080 -6.535 -21.949 22.901 85.598 244.423 258.978 
66.000 27.706 10.000 0.000 -1.000 28.580 8.976 30.432 14.268 1.880 -2.030 -13.386 17.103 9.881 9.881 99.826 99.826 997.976 997.976 78.189 223.498 236.780 64.218 64.218 90.818 0.874 -1.024 1.346 2.726 4.268 5.064 1.880 -1.030 2.144 
67.000 27.706 9.000 0.000 -1.000 29.650 8.525 29.650 8.525 15.048 52.119 -145.072 -524.407 1.000 1.000 15.599 15.599 154.195 154.195 2.661 3.713 4.568 90.005 90.005 127.286 1.944 -0.475 2.001 1.944 -0.475 2.001 15.048 53.119 55.209 
68.000 27.706 8.000 0.000 -1.000 24.750 8.668 30.899 24.691 -2.612 -140.297 29.778 1395.214 8.317 8.317 77.299 77.299 773.833 773.833 19.948 51.977 55.673 15.013 15.013 21.231 -2.956 0.668 3.031 3.193 16.691 16.994 -2.612 -139.297 139.322 
69.000 27.706 7.000 0.000 -1.000 26.251 7.666 26.251 7.640 47.704 11.706 -473.359 -126.276 1.000 1.000 15.324 15.324 151.616 151.616 2.036 -123.272 123.289 69.049 69.049 97.650 -1.455 0.666 1.600 -1.455 0.640 1.589 47.704 12.706 49.367 
70.000 27.706 6.000 0.000 -1.000 27.522 5.152 27.736 5.218 2.457 16.297 -26.287 -173.833 0.998 0.998 12.605 12.605 124.995 124.995 46.434 14.194 48.555 14.719 14.719 20.816 -0.184 -0.848 0.868 0.030 -0.782 0.783 2.457 17.297 17.470 
71.000 27.706 5.000 0.000 -1.000 28.622 5.652 28.633 5.763 -9.117 -9.063 89.311 78.233 0.996 0.996 12.293 12.293 121.934 121.934 1.572 15.862 15.940 11.935 11.935 16.879 0.916 0.652 1.124 0.927 0.763 1.201 -9.117 -8.063 12.171 
72.000 27.550 4.012 -0.156 -0.988 23.765 1.491 23.733 1.455 40.247 24.136 -403.940 -253.311 0.996 0.996 12.141 12.141 120.421 120.421 -4.249 -4.791 6.404 11.592 11.592 16.394 -3.785 -2.521 4.548 -3.817 -2.557 4.594 40.403 25.124 47.578 
73.000 27.241 3.061 -0.309 -0.951 28.273 2.867 43.826 12.765 -172.444 -107.464 1721.054 1061.466 7.513 7.513 71.688 71.688 717.409 717.409 35.708 22.725 42.325 11.428 11.428 16.161 1.032 -0.194 1.050 16.585 9.704 19.215 -172.135 -106.513 202.424 
74.000 26.787 2.170 -0.454 -0.891 27.491 1.341 27.453 1.318 -20.443 -11.294 199.816 99.010 1.000 1.000 14.110 14.110 139.614 139.614 -156.109 -96.040 183.286 64.229 64.229 90.834 0.704 -0.829 1.088 0.666 -0.852 1.082 -19.989 -10.403 22.534 
75.000 26.199 1.361 -0.588 -0.809 25.366 0.865 25.265 0.805 8.974 -12.921 -92.197 116.556 0.997 0.997 12.433 12.433 123.243 123.243 -18.356 -10.841 21.318 13.453 13.453 19.026 -0.833 -0.496 0.969 -0.934 -0.556 1.087 9.562 -12.112 15.431 
76.000 25.492 0.654 -0.707 -0.707 24.986 0.696 25.053 0.603 3.518 -16.472 -38.571 153.361 0.996 0.996 12.257 12.257 121.549 121.549 9.253 -12.812 15.804 11.748 11.748 16.614 -0.506 0.042 0.508 -0.439 -0.051 0.442 4.225 -15.765 16.321 
77.000 24.683 0.066 -0.809 -0.588 25.717 -1.467 25.738 -1.575 -8.221 1.494 78.543 -24.906 0.996 0.996 12.145 12.145 120.449 120.449 2.854 -14.402 14.682 11.554 11.554 16.339 1.034 -1.533 1.849 1.055 -1.641 1.951 -7.412 2.082 7.699 
78.000 23.792 -0.388 -0.891 -0.454 23.725 0.219 23.678 0.217 11.881 -26.234 -121.877 252.401 0.996 0.996 12.099 12.099 119.991 119.991 -6.208 -0.300 6.215 11.432 11.432 16.168 -0.067 0.607 0.611 -0.114 0.605 0.615 12.772 -25.780 28.770 
79.000 22.841 -0.697 -0.951 -0.309 22.994 -0.115 23.091 -0.315 8.354 -17.821 -87.819 170.767 0.996 0.996 12.083 12.083 119.823 119.823 12.564 -25.902 28.788 11.382 11.382 16.097 0.153 0.582 0.602 0.250 0.382 0.457 9.305 -17.512 19.830 
80.000 21.853 -0.853 -0.988 -0.156 24.760 -3.943 24.812 -4.053 -16.486 19.233 159.931 -198.394 0.996 0.996 12.079 12.079 119.780 119.780 6.685 -14.193 15.688 11.364 11.364 16.071 2.907 -3.090 4.242 2.959 -3.200 4.358 -15.498 19.389 24.821 
81.000 20.853 -0.853 -1.000 0.000 19.755 1.569 19.666 1.674 35.767 -50.930 -361.489 501.907 0.996 0.996 12.078 12.078 119.776 119.776 -11.429 13.611 17.773 11.360 11.360 16.065 -1.098 2.422 2.659 -1.187 2.527 2.792 36.767 -50.930 62.814 
82.000 19.853 -0.853 -1.000 0.000 21.078 0.186 36.144 -21.496 -142.569 187.401 1419.979 -1878.678 7.493 7.493 71.542 71.542 715.971 715.971 34.356 -49.441 60.206 11.359 11.359 16.064 1.225 1.039 1.606 16.291 -20.643 26.297 -141.569 187.401 234.863 
83.000 18.853 -0.853 -1.000 0.000 20.188 -0.164 20.157 -0.124 4.882 -22.188 -55.550 218.551 1.000 1.000 14.092 14.092 139.432 139.432 -126.612 166.069 208.829 64.103 64.103 90.656 1.335 0.689 1.502 1.304 0.729 1.494 5.882 -22.188 22.954 
84.000 17.853 -0.853 -1.000 0.000 17.900 -2.238 17.940 -2.349 15.610 10.001 -163.670 -100.975 0.997 0.997 12.425 12.425 123.169 123.169 7.139 -20.073 21.305 13.434 13.434 18.999 0.047 -1.385 1.386 0.087 -1.496 1.499 16.610 10.001 19.388 
85.000 16.853 -0.853 -1.000 0.000 19.082 -1.141 19.187 -1.077 -12.410 -8.529 115.076 83.449 0.996 0.996 12.246 12.246 121.449 121.449 14.467 8.793 16.930 11.739 11.739 16.601 2.229 -0.288 2.248 2.334 -0.224 2.345 -11.410 -8.529 14.245 
86.000 15.853 -0.853 -1.000 0.000 12.468 -1.637 12.425 -1.697 49.155 -0.021 -500.026 -0.872 0.996 0.996 12.132 12.132 120.327 120.327 -5.691 -7.969 9.793 11.541 11.541 16.322 -3.385 -0.784 3.475 -3.428 -0.844 3.530 50.155 -0.021 50.155 
87.000 14.853 -0.853 -1.000 0.000 14.101 -1.133 34.801 -1.388 -196.744 -4.022 1956.403 39.175 7.510 7.510 71.666 71.666 717.192 717.192 47.479 -0.585 47.483 11.418 11.418 16.147 -0.752 -0.280 0.802 19.948 -0.535 19.955 -195.744 -4.022 195.786 
88.000 13.853 -0.853 -1.000 0.000 14.448 -1.825 14.405 -1.826 -13.250 -0.884 120.064 7.758 1.000 1.000 14.090 14.090 139.427 139.427 -176.391 -3.585 176.427 64.210 64.210 90.806 0.595 -0.972 1.140 0.552 -0.973 1.119 -12.250 -0.884 12.282 
89.000 12.853 -0.853 -1.000 0.000 12.093 -0.565 12.032 -0.577 5.248 -13.038 -63.642 129.551 0.997 0.997 12.418 12.418 123.106 123.106 -10.938 -2.144 11.146 13.432 13.432 18.995 -0.760 0.288 0.813 -0.821 0.276 0.866 6.248 -13.038 14.457 
90.000 11.853 -0.853 -1.000 0.000 12.546 -1.795 12.580 -1.881 -14.003 5.674 128.386 -56.389 0.996 0.996 12.243 12.243 121.417 121.417 4.734 -11.820 12.733 11.732 11.732 16.591 0.693 -0.942 1.169 0.727 -1.028 1.259 -13.003 5.674 14.187 
91.000 10.853 -0.853 -1.000 0.000 11.243 -0.158 11.148 -0.128 -4.714 -13.561 36.714 135.580 0.996 0.996 12.133 12.133 120.333 120.333 -12.665 3.951 13.267 11.538 11.538 16.317 0.390 0.695 0.797 0.295 0.725 0.782 -3.714 -13.561 14.060 
92.000 9.853 -0.853 -1.000 0.000 9.514 0.580 9.490 0.471 2.999 -12.348 -40.117 124.808 0.996 0.996 12.089 12.089 119.899 119.899 -3.080 -14.269 14.598 11.419 11.419 16.149 -0.339 1.433 1.473 -0.363 1.324 1.372 3.999 -12.348 12.979 
93.000 8.853 -0.853 -1.000 0.000 9.391 -0.133 9.415 -0.224 -7.930 1.817 68.874 -15.711 0.996 0.996 12.076 12.076 119.757 119.757 3.098 -11.744 12.146 11.371 11.371 16.082 0.538 0.720 0.899 0.562 0.629 0.844 -6.930 1.817 7.164 
94.000 7.853 -0.853 -1.000 0.000 8.459 1.186 8.405 1.189 -4.768 -10.059 37.924 103.011 0.996 0.996 12.074 12.074 119.737 119.737 -6.974 0.407 6.986 11.357 11.357 16.061 0.606 2.039 2.127 0.552 2.042 2.115 -3.768 -10.059 10.742 
95.000 6.853 -0.853 -1.000 0.000 8.628 -1.333 8.589 -1.391 -13.868 21.936 129.406 -216.214 0.996 0.996 12.076 12.076 119.751 119.751 -4.991 -7.537 9.040 11.355 11.355 16.058 1.775 -0.480 1.839 1.736 -0.538 1.818 -12.868 21.936 25.432 
96.000 5.853 -0.853 -1.000 0.000 -6.754 -4.563 -6.743 -4.368 129.442 42.281 -1303.836 -422.102 0.996 0.996 12.077 12.077 119.762 119.762 1.476 25.108 25.151 11.357 11.357 16.061 -12.607 -3.710 13.142 -12.596 -3.515 13.077 130.442 42.281 137.124 
97.000 4.853 -0.853 -1.000 0.000 5.233 -0.260 56.754 16.483 -548.225 -176.336 5466.382 1761.972 7.493 7.493 71.540 71.540 715.944 715.944 117.467 38.173 123.514 11.358 11.358 16.062 0.380 0.593 0.704 51.901 17.336 54.720 -547.225 -176.336 574.934 
98.000 3.853 -0.853 -1.000 0.000 4.550 -1.337 -7.238 -5.104 50.167 29.945 -521.458 -302.095 9.880 9.880 99.818 99.818 997.888 997.888 -496.020 -158.516 520.734 64.101 64.101 90.653 0.697 -0.484 0.849 -11.091 -4.251 11.878 51.167 29.945 59.285 
99.000 2.853 -0.853 -1.000 0.000 2.739 -2.660 2.744 -2.657 -70.298 2.244 683.051 -25.179 1.000 1.000 15.585 15.585 154.058 154.058 40.190 27.501 48.699 89.996 89.996 127.274 -0.114 -1.807 1.811 -0.109 -1.804 1.807 -69.298 2.244 69.335 
