0.000 0.000 0.000 0.000 0.000 -1.392 0.204 -1.390 0.204 -0.014 0.002 0.000 0.000 0.999 0.999 3.147 3.147 0.901 0.901 1.392 -0.204 1.407 30.163 30.163 42.657 -1.392 0.204 1.407 -1.390 0.204 1.405 -0.014 0.002 0.014 
1.000 0.000 1.000 0.000 1.000 -1.045 3.279 -1.075 3.021 0.312 2.789 0.024 0.207 0.957 0.957 1.645 1.645 0.777 0.777 -0.359 -3.073 3.094 3.453 3.453 4.883 -1.045 2.279 2.507 -1.075 2.021 2.289 0.312 1.789 1.816 
2.000 0.000 2.000 0.000 1.000 -0.858 2.385 -0.843 2.917 0.270 0.606 0.010 -0.232 0.919 0.919 1.341 1.341 0.627 0.627 0.095 3.425 3.426 2.537 2.537 3.588 -0.858 0.385 0.940 -0.843 0.917 1.246 0.270 -0.394 0.478 
3.000 0.000 3.000 0.000 1.000 -1.099 2.683 -0.995 2.850 -0.069 -0.183 -0.070 -0.335 0.895 0.895 1.193 1.193 0.452 0.452 0.526 0.840 0.991 2.244 2.244 3.174 -1.099 -0.317 1.144 -0.995 -0.150 1.006 -0.069 -1.183 1.185 
4.000 0.000 4.000 0.000 1.000 0.538 4.152 0.186 3.826 0.826 0.376 0.143 -0.111 0.883 0.883 0.992 0.992 0.301 0.301 -1.601 -1.485 2.184 2.133 2.133 3.017 0.538 0.152 0.559 0.186 -0.174 0.255 0.826 -0.624 1.035 
5.000 0.000 5.000 0.000 1.000 -1.065 4.564 -0.542 4.473 -0.079 0.448 -0.064 -0.066 0.865 0.865 0.799 0.799 0.198 0.198 2.077 -0.362 2.108 1.992 1.992 2.818 -1.065 -0.436 1.151 -0.542 -0.527 0.756 -0.079 -0.552 0.557 
6.000 0.000 6.000 0.000 1.000 -1.011 4.570 -0.896 4.673 -0.303 0.239 -0.083 -0.082 0.840 0.840 0.645 0.645 0.133 0.133 0.390 0.351 0.525 1.842 1.842 2.606 -1.011 -1.430 1.751 -0.896 -1.327 1.601 -0.303 -0.761 0.819 
7.000 0.000 7.000 0.000 1.000 -0.157 9.360 -0.511 7.847 -0.040 1.631 -0.029 0.122 0.812 0.812 0.530 0.530 0.093 0.093 -1.042 -4.448 4.568 1.715 1.715 2.425 -0.157 2.360 2.365 -0.511 0.847 0.989 -0.040 0.631 0.632 
8.000 0.000 8.000 0.000 1.000 -1.584 6.504 -1.188 7.646 -0.349 0.946 -0.058 0.019 0.785 0.785 0.445 0.445 0.068 0.068 1.032 2.974 3.148 1.614 1.614 2.282 -1.584 -1.496 2.179 -1.188 -0.354 1.239 -0.349 -0.054 0.353 
9.000 0.000 9.000 0.000 1.000 0.799 8.386 -0.192 8.474 0.120 0.918 -0.001 0.012 0.759 0.759 0.382 0.382 0.051 0.051 -2.336 0.206 2.345 1.535 1.535 2.171 0.799 -0.614 1.008 -0.192 -0.526 0.560 0.120 -0.082 0.146 
10.000 0.000 10.000 0.000 1.000 -1.208 9.839 -0.685 9.633 -0.097 1.016 -0.019 0.018 0.735 0.735 0.335 0.335 0.040 0.040 1.136 -0.447 1.221 1.474 1.474 2.085 -1.208 -0.161 1.219 -0.685 -0.367 0.777 -0.097 0.016 0.099 
11.000 0.000 11.000 0.000 1.000 0.785 9.523 0.014 10.077 0.142 0.849 0.002 0.003 0.713 0.713 0.300 0.300 0.032 0.032 -1.567 1.126 1.930 1.426 1.426 2.017 0.785 -1.477 1.673 0.014 -0.923 0.924 0.142 -0.151 0.208 
12.000 0.000 12.000 0.000 1.000 1.226 12.342 0.671 11.607 0.298 1.056 0.011 0.015 0.694 0.694 0.273 0.273 0.026 0.026 -1.070 -1.417 1.775 1.388 1.388 1.963 1.226 0.342 1.273 0.671 -0.393 0.778 0.298 0.056 0.303 
13.000 0.000 13.000 0.000 1.000 -0.880 13.535 0.122 13.062 0.070 1.184 -0.003 0.019 0.677 0.677 0.254 0.254 0.022 0.022 1.849 -0.872 2.044 1.358 1.358 1.921 -0.880 0.535 1.030 0.122 0.062 0.137 0.070 0.184 0.197 
14.000 0.000 14.000 0.000 1.000 -2.088 14.557 -0.807 14.382 -0.199 1.239 -0.014 0.019 0.662 0.662 0.240 0.240 0.019 0.019 2.281 -0.311 2.302 1.334 1.334 1.887 -2.088 0.557 2.161 -0.807 0.382 0.893 -0.199 0.239 0.311 
15.000 0.000 15.000 0.000 1.000 1.510 15.147 0.056 15.421 0.059 1.207 -0.003 0.015 0.650 0.650 0.229 0.229 0.017 0.017 -2.516 0.475 2.560 1.315 1.315 1.860 1.510 0.147 1.517 0.056 0.421 0.425 0.059 0.207 0.215 
16.000 0.000 16.000 0.000 1.000 3.918 18.766 1.668 17.502 0.442 1.439 0.009 0.020 0.639 0.639 0.222 0.222 0.016 0.016 -3.803 -2.137 4.363 1.300 1.300 1.839 3.918 2.766 4.796 1.668 1.502 2.245 0.442 0.439 0.623 
17.000 0.000 17.000 0.000 1.000 -0.812 17.072 0.948 18.198 0.170 1.279 0.001 0.014 0.631 0.631 0.216 0.216 0.014 0.014 2.922 1.869 3.469 1.289 1.289 1.822 -0.812 0.072 0.815 0.948 1.198 1.527 0.170 0.279 0.327 
18.000 0.000 18.000 0.000 1.000 -1.926 16.171 -0.067 18.190 -0.111 0.987 -0.005 0.006 0.624 0.624 0.212 0.212 0.013 0.013 3.044 3.306 4.494 1.279 1.279 1.809 -1.926 -1.829 2.656 -0.067 0.190 0.202 -0.111 -0.013 0.112 
19.000 0.000 19.000 0.000 1.000 -0.891 19.736 -0.450 19.391 -0.180 1.043 -0.005 0.006 0.618 0.618 0.210 0.210 0.013 0.013 0.714 -0.559 0.906 1.273 1.273 1.800 -0.891 0.736 1.156 -0.450 0.391 0.596 -0.180 0.043 0.185 
20.000 0.000 20.000 0.000 1.000 -0.794 20.753 -0.692 20.555 -0.199 1.077 -0.005 0.006 0.614 0.614 0.208 0.208 0.012 0.012 0.164 -0.319 0.359 1.267 1.267 1.792 -0.794 0.753 1.094 -0.692 0.555 0.887 -0.199 0.077 0.214 
21.000 0.000 21.000 0.000 1.000 1.213 19.185 -0.105 20.718 -0.022 0.872 -0.002 0.003 0.611 0.611 0.207 0.207 0.012 0.012 -2.104 2.447 3.227 1.264 1.264 1.787 1.213 -1.815 2.183 -0.105 -0.282 0.301 -0.022 -0.128 0.130 
22.000 0.156 21.988 0.156 0.988 1.109 21.185 0.331 21.439 0.081 0.840 -0.001 0.002 0.609 0.609 0.206 0.206 0.011 0.011 -1.236 0.404 1.301 1.261 1.261 1.783 0.953 -0.803 1.246 0.175 -0.549 0.576 -0.075 -0.148 0.166 
23.000 0.465 22.939 0.309 0.951 0.306 22.597 0.373 22.396 0.071 0.869 -0.001 0.002 0.607 0.607 0.205 0.205 0.011 0.011 0.106 -0.318 0.335 1.259 1.259 1.780 -0.159 -0.342 0.377 -0.092 -0.543 0.550 -0.238 -0.082 0.252 
24.000 0.919 23.830 0.454 0.891 4.045 18.862 0.465 23.240 0.075 0.865 -0.001 0.002 0.760 0.760 0.230 0.230 0.011 0.011 -3.601 4.403 5.688 1.257 1.257 1.778 3.126 -4.968 5.870 -0.454 -0.590 0.745 -0.379 -0.026 0.380 
25.000 1.507 24.639 0.588 0.809 2.410 27.251 1.423 25.591 0.264 1.186 0.001 0.004 0.687 0.687 0.211 0.211 0.010 0.010 -1.870 -3.146 3.660 1.377 1.377 1.947 0.903 2.612 2.764 -0.084 0.952 0.956 -0.324 0.377 0.497 
26.000 2.214 25.346 0.707 0.707 1.367 26.248 1.553 26.556 0.236 1.143 0.001 0.003 0.647 0.647 0.205 0.205 0.010 0.010 0.320 0.529 0.619 1.311 1.311 1.855 -0.847 0.902 1.237 -0.661 1.210 1.378 -0.471 0.436 0.642 
27.000 3.023 25.934 0.809 0.588 2.450 26.607 2.047 27.274 0.292 1.056 0.001 0.002 0.624 0.624 0.204 0.204 0.010 0.010 -0.660 1.092 1.276 1.280 1.280 1.810 -0.573 0.673 0.884 -0.976 1.340 1.658 -0.517 0.468 0.697 
28.000 3.914 26.388 0.891 0.454 2.778 26.450 2.503 27.626 0.329 0.904 0.001 0.001 0.612 0.612 0.204 0.204 0.010 0.010 -0.439 1.879 1.930 1.264 1.264 1.788 -1.136 0.062 1.138 -1.411 1.238 1.877 -0.562 0.450 0.720 
29.000 4.865 26.697 0.951 0.309 5.267 25.785 3.726 27.522 0.530 0.680 0.002 -0.000 0.606 0.606 0.205 0.205 0.010 0.010 -2.435 2.745 3.669 1.257 1.257 1.778 0.402 -0.912 0.997 -1.139 0.825 1.406 -0.421 0.371 0.561 
30.000 5.853 26.853 0.988 0.156 5.777 26.740 4.811 27.669 0.658 0.558 0.003 -0.001 0.604 0.604 0.205 0.205 0.010 0.010 -1.520 1.461 2.109 1.254 1.254 1.774 -0.076 -0.113 0.136 -1.042 0.816 1.324 -0.330 0.402 0.520 
31.000 6.853 26.853 1.000 0.000 6.743 24.839 5.932 26.995 0.767 0.276 0.003 -0.003 0.603 0.603 0.205 0.205 0.010 0.010 -1.274 3.388 3.620 1.254 1.254 1.773 -0.110 -2.014 2.017 -0.921 0.142 0.932 -0.233 0.276 0.361 
32.000 7.853 26.853 1.000 0.000 11.939 31.791 6.729 27.296 0.777 0.279 0.003 -0.002 0.754 0.754 0.230 0.230 0.010 0.010 -5.240 -4.521 6.921 1.254 1.254 1.773 4.086 4.938 6.409 -1.124 0.443 1.208 -0.223 0.279 0.357 
33.000 8.853 26.853 1.000 0.000 7.807 26.836 7.647 27.229 0.810 0.202 0.003 -0.003 0.685 0.685 0.211 0.211 0.010 0.010 -0.302 0.739 0.798 1.372 1.372 1.940 -1.046 -0.017 1.046 -1.206 0.376 1.263 -0.190 0.202 0.278 
34.000 9.853 26.853 1.000 0.000 9.671 27.218 8.963 27.342 0.920 0.181 0.003 -0.002 0.646 0.646 0.205 0.205 0.010 0.010 -1.214 0.213 1.233 1.309 1.309 1.852 -0.182 0.365 0.408 -0.890 0.489 1.016 -0.080 0.181 0.198 
35.000 10.853 26.853 1.000 0.000 10.397 27.954 10.082 27.691 0.966 0.214 0.003 -0.002 0.623 0.623 0.204 0.204 0.010 0.010 -0.515 -0.431 0.671 1.279 1.279 1.808 -0.456 1.101 1.192 -0.771 0.838 1.138 -0.034 0.214 0.217 
36.000 11.853 26.853 1.000 0.000 12.352 27.417 11.535 27.723 1.075 0.172 0.003 -0.002 0.611 0.611 0.204 0.204 0.010 0.010 -1.304 0.488 1.392 1.264 1.264 1.787 0.499 0.564 0.753 -0.318 0.870 0.926 0.075 0.172 0.188 
37.000 12.853 26.853 1.000 0.000 12.589 28.074 12.603 27.961 1.077 0.185 0.003 -0.002 0.606 0.606 0.205 0.205 0.010 0.010 0.022 -0.179 0.180 1.257 1.257 1.777 -0.264 1.221 1.249 -0.250 1.108 1.136 0.077 0.185 0.200 
38.000 13.853 26.853 1.000 0.000 14.310 27.960 13.909 28.078 1.132 0.168 0.003 -0.002 0.603 0.603 0.205 0.205 0.010 0.010 -0.630 0.186 0.657 1.254 1.254 1.773 0.457 1.107 1.198 0.056 1.225 1.226 0.132 0.168 0.214 
39.000 14.853 26.853 1.000 0.000 12.387 24.827 14.076 27.003 0.915 -0.117 0.001 -0.003 0.603 0.603 0.205 0.205 0.010 0.010 2.654 3.419 4.328 1.253 1.253 1.773 -2.466 -2.026 3.192 -0.777 0.150 0.791 -0.085 -0.117 0.145 
40.000 15.853 26.853 1.000 0.000 16.360 16.867 14.999 26.829 0.918 -0.133 0.001 -0.003 0.754 0.754 0.229 0.229 0.010 0.010 -1.369 10.019 10.112 1.254 1.254 1.773 0.507 -9.986 9.999 -0.854 -0.024 0.854 -0.082 -0.133 0.156 
41.000 16.853 26.853 1.000 0.000 18.567 27.281 17.158 26.970 1.185 -0.077 0.003 -0.002 0.684 0.684 0.211 0.211 0.010 0.010 -2.650 -0.585 2.714 1.371 1.371 1.939 1.714 0.428 1.767 0.305 0.117 0.327 0.185 -0.077 0.201 
42.000 17.853 26.853 1.000 0.000 17.204 27.692 17.869 27.226 1.088 -0.009 0.002 -0.002 0.645 0.645 0.205 0.205 0.010 0.010 1.139 -0.799 1.392 1.309 1.309 1.851 -0.649 0.839 1.061 0.016 0.373 0.373 0.088 -0.009 0.088 
43.000 18.853 26.853 1.000 0.000 17.924 26.501 18.556 26.939 1.004 -0.070 0.001 -0.002 0.623 0.623 0.204 0.204 0.010 0.010 1.032 0.715 1.256 1.279 1.279 1.808 -0.929 -0.352 0.993 -0.297 0.086 0.310 0.004 -0.070 0.070 
44.000 19.853 26.853 1.000 0.000 20.773 27.993 20.012 27.288 1.104 0.020 0.002 -0.001 0.611 0.611 0.204 0.204 0.010 0.010 -1.214 -1.125 1.655 1.263 1.263 1.787 0.920 1.140 1.465 0.159 0.435 0.464 0.104 0.020 0.106 
45.000 20.853 26.853 1.000 0.000 18.797 26.605 20.266 27.050 0.916 -0.039 0.000 -0.001 0.605 0.605 0.205 0.205 0.010 0.010 2.319 0.703 2.424 1.256 1.256 1.777 -2.056 -0.248 2.071 -0.587 0.197 0.619 -0.084 -0.039 0.093 
46.000 21.853 26.853 1.000 0.000 22.267 28.117 21.577 27.414 1.005 0.051 0.001 -0.001 0.603 0.603 0.205 0.205 0.010 0.010 -1.085 -1.105 1.549 1.254 1.254 1.773 0.414 1.264 1.330 -0.276 0.561 0.625 0.005 0.051 0.051 
47.000 22.841 26.697 0.988 -0.156 24.035 26.047 23.110 26.950 1.127 -0.067 0.001 -0.001 0.603 0.603 0.205 0.205 0.010 0.010 -1.453 1.418 2.030 1.253 1.253 1.772 1.194 -0.650 1.359 0.269 0.253 0.369 0.139 0.089 0.165 
48.000 23.792 26.388 0.951 -0.309 22.755 28.338 23.698 27.412 1.005 0.053 0.001 -0.000 0.603 0.603 0.205 0.205 0.010 0.010 1.482 -1.456 2.077 1.253 1.253 1.773 -1.037 1.950 2.209 -0.094 1.024 1.028 0.054 0.362 0.366 
49.000 24.683 25.934 0.891 -0.454 24.544 26.502 24.645 27.114 0.992 -0.028 0.000 -0.001 0.603 0.603 0.204 0.204 0.010 0.010 0.159 0.962 0.975 1.254 1.254 1.773 -0.139 0.568 0.585 -0.038 1.180 1.181 0.101 0.426 0.438 
50.000 25.492 25.346 0.809 -0.588 24.378 24.798 25.179 26.253 0.888 -0.219 -0.000 -0.002 0.603 0.603 0.204 0.204 0.010 0.010 1.259 2.288 2.612 1.254 1.254 1.773 -1.114 -0.548 1.241 -0.313 0.907 0.960 0.079 0.369 0.377 
51.000 26.199 24.639 0.707 -0.707 26.380 24.602 26.181 25.513 0.914 -0.340 -0.000 -0.002 0.603 0.603 0.204 0.204 0.010 0.010 -0.313 1.432 1.466 1.254 1.254 1.773 0.181 -0.037 0.185 -0.018 0.874 0.874 0.207 0.367 0.421 
52.000 26.787 23.830 0.588 -0.809 25.328 24.087 26.452 24.778 0.767 -0.433 -0.001 -0.003 0.603 0.603 0.204 0.204 0.010 0.010 1.767 1.086 2.074 1.254 1.254 1.773 -1.459 0.257 1.481 -0.335 0.948 1.005 0.179 0.376 0.417 
53.000 27.241 22.939 0.454 -0.891 26.748 22.217 27.048 23.571 0.727 -0.612 -0.001 -0.003 0.603 0.603 0.204 0.204 0.010 0.010 0.471 2.128 2.180 1.254 1.254 1.773 -0.493 -0.722 0.874 -0.193 0.632 0.661 0.273 0.279 0.391 
54.000 27.550 21.988 0.309 -0.951 28.671 21.890 28.101 22.571 0.800 -0.704 -0.000 -0.003 0.603 0.603 0.204 0.204 0.010 0.010 -0.896 1.069 1.395 1.253 1.253 1.773 1.121 -0.098 1.125 0.551 0.583 0.802 0.491 0.247 0.550 
55.000 27.706 21.000 0.156 -0.988 27.413 20.288 28.360 21.293 0.677 -0.838 -0.001 -0.004 0.603 0.603 0.204 0.204 0.010 0.010 1.488 1.579 2.170 1.253 1.253 1.772 -0.293 -0.712 0.770 0.654 0.293 0.717 0.521 0.150 0.542 
56.000 27.706 20.000 0.000 -1.000 15.755 13.500 28.962 20.416 0.658 -0.851 -0.001 -0.003 0.753 0.753 0.228 0.228 0.010 0.010 13.282 6.955 14.993 1.253 1.253 1.772 -11.951 -6.500 13.604 1.256 0.416 1.323 0.658 0.149 0.675 
57.000 27.706 19.000 0.000 -1.000 28.032 19.897 28.878 19.720 0.499 -0.821 -0.002 -0.003 0.684 0.684 0.210 0.210 0.010 0.010 1.588 -0.332 1.623 1.370 1.370 1.938 0.326 0.897 0.954 1.172 0.720 1.375 0.499 0.179 0.530 
58.000 27.706 18.000 0.000 -1.000 27.323 17.636 28.523 18.374 0.317 -0.935 -0.003 -0.003 0.645 0.645 0.205 0.205 0.010 0.010 2.053 1.263 2.411 1.308 1.308 1.850 -0.383 -0.364 0.528 0.817 0.374 0.898 0.317 0.065 0.324 
59.000 27.706 17.000 0.000 -1.000 28.642 18.093 28.763 17.693 0.298 -0.884 -0.002 -0.003 0.623 0.623 0.204 0.204 0.010 0.010 0.198 -0.654 0.683 1.278 1.278 1.807 0.936 1.093 1.439 1.057 0.693 1.264 0.298 0.116 0.320 
60.000 27.706 16.000 0.000 -1.000 27.236 13.214 28.381 15.468 0.147 -1.180 -0.003 -0.004 0.611 0.611 0.204 0.204 0.010 0.010 1.825 3.595 4.031 1.263 1.263 1.786 -0.470 -2.786 2.825 0.675 -0.532 0.859 0.147 -0.180 0.232 
61.000 27.706 15.000 0.000 -1.000 29.309 16.462 28.814 15.084 0.208 -1.006 -0.002 -0.003 0.605 0.605 0.205 0.205 0.010 0.010 -0.782 -2.174 2.310 1.256 1.256 1.776 1.603 1.462 2.170 1.108 0.084 1.111 0.208 -0.006 0.208 
62.000 27.706 14.000 0.000 -1.000 27.315 12.685 28.401 13.571 0.065 -1.123 -0.003 -0.003 0.603 0.603 0.205 0.205 0.010 0.010 1.706 1.393 2.203 1.254 1.254 1.773 -0.391 -1.315 1.372 0.695 -0.429 0.816 0.065 -0.123 0.139 
63.000 27.706 13.000 0.000 -1.000 28.197 13.649 28.368 12.884 0.040 -1.027 -0.003 -0.002 0.603 0.603 0.205 0.205 0.010 0.010 0.269 -1.201 1.231 1.253 1.253 1.772 0.491 0.649 0.814 0.662 -0.116 0.672 0.040 -0.027 0.048 
64.000 27.706 12.000 0.000 -1.000 30.799 18.608 28.421 11.896 0.040 -1.020 -0.002 -0.002 0.753 0.753 0.229 0.229 0.010 0.010 -2.391 -6.751 7.162 1.253 1.253 1.772 3.093 6.608 7.296 0.715 -0.104 0.723 0.040 -0.020 0.045 
65.000 27.706 11.000 0.000 -1.000 28.777 11.139 28.609 10.999 0.069 -0.996 -0.002 -0.002 0.684 0.684 0.211 0.211 0.010 0.010 -0.316 -0.264 0.411 1.371 1.371 1.939 1.071 0.139 1.080 0.903 -0.001 0.903 0.069 0.004 0.069 
66.000 27.706 10.000 0.000 -1.000 28.580 8.976 28.638 9.576 0.059 -1.088 -0.002 -0.002 0.645 0.645 0.205 0.205 0.010 0.010 0.099 1.027 1.032 1.309 1.309 1.851 0.874 -1.024 1.346 0.932 -0.424 1.024 0.059 -0.088 0.105 
67.000 27.706 9.000 0.000 -1.000 29.650 8.525 29.066 8.502 0.136 -1.086 -0.001 -0.002 0.623 0.623 0.204 0.204 0.010 0.010 -0.954 -0.037 0.955 1.278 1.278 1.808 1.944 -0.475 2.001 1.360 -0.498 1.449 0.136 -0.086 0.161 
68.000 27.706 8.000 0.000 -1.000 24.750 8.668 29.176 7.423 0.129 -1.086 -0.001 -0.001 0.770 0.770 0.228 0.228 0.010 0.010 4.453 -1.252 4.625 1.263 1.263 1.787 -2.956 0.668 3.031 1.470 -0.577 1.579 0.129 -0.086 0.155 
69.000 27.706 7.000 0.000 -1.000 26.251 7.666 27.855 6.968 -0.174 -0.957 -0.003 -0.001 0.689 0.689 0.211 0.211 0.010 0.010 3.054 -1.329 3.331 1.380 1.380 1.952 -1.455 0.666 1.600 0.149 -0.032 0.152 -0.174 0.043 0.179 
70.000 27.706 6.000 0.000 -1.000 27.522 5.152 27.615 5.653 -0.190 -1.032 -0.002 -0.001 0.646 0.646 0.206 0.206 0.010 0.010 0.159 0.859 0.874 1.310 1.310 1.853 -0.184 -0.848 0.868 -0.091 -0.347 0.359 -0.190 -0.032 0.193 
71.000 27.706 5.000 0.000 -1.000 28.622 5.652 27.889 5.021 -0.094 -0.948 -0.002 -0.000 0.623 0.623 0.205 0.205 0.010 0.010 -1.197 -1.031 1.580 1.278 1.278 1.808 0.916 0.652 1.124 0.183 0.021 0.184 -0.094 0.052 0.107 
72.000 27.550 4.012 -0.156 -0.988 23.765 1.491 27.772 4.058 -0.100 -0.951 -0.002 -0.000 0.769 0.769 0.229 0.229 0.010 0.010 4.030 2.582 4.787 1.263 1.263 1.786 -3.785 -2.521 4.548 0.222 0.046 0.226 0.056 0.037 0.066 
73.000 27.241 3.061 -0.309 -0.951 28.273 2.867 27.957 2.993 -0.042 -0.976 -0.001 -0.000 0.689 0.689 0.212 0.212 0.010 0.010 -0.602 0.239 0.648 1.380 1.380 1.951 1.032 -0.194 1.050 0.716 -0.068 0.719 0.267 -0.025 0.268 
74.000 26.787 2.170 -0.454 -0.891 27.491 1.341 27.738 1.735 -0.080 -1.035 -0.001 -0.001 0.646 0.646 0.206 0.206 0.010 0.010 0.423 0.676 0.798 1.311 1.311 1.853 0.704 -0.829 1.088 0.951 -0.435 1.045 0.374 -0.144 0.400 
75.000 26.199 1.361 -0.588 -0.809 25.366 0.865 26.768 0.764 -0.272 -1.022 -0.002 -0.001 0.623 0.623 0.205 0.205 0.010 0.010 2.291 -0.165 2.297 1.279 1.279 1.808 -0.833 -0.496 0.969 0.569 -0.597 0.824 0.316 -0.213 0.381 
76.000 25.492 0.654 -0.707 -0.707 24.986 0.696 25.932 0.098 -0.397 -0.944 -0.003 -0.000 0.611 0.611 0.205 0.205 0.010 0.010 1.510 -0.954 1.786 1.263 1.263 1.787 -0.506 0.042 0.508 0.440 -0.556 0.709 0.310 -0.237 0.390 
77.000 24.683 0.066 -0.809 -0.588 25.717 -1.467 25.601 -1.074 -0.385 -0.996 -0.002 -0.000 0.606 0.606 0.206 0.206 0.010 0.010 -0.183 0.621 0.647 1.257 1.257 1.778 1.034 -1.533 1.849 0.918 -1.140 1.464 0.424 -0.408 0.588 
78.000 23.792 -0.388 -0.891 -0.454 23.725 0.219 24.673 -1.235 -0.511 -0.806 -0.003 0.001 0.604 0.604 0.206 0.206 0.010 0.010 1.491 -2.288 2.732 1.255 1.255 1.774 -0.067 0.607 0.611 0.881 -0.847 1.222 0.380 -0.352 0.518 
79.000 22.841 -0.697 -0.951 -0.309 22.994 -0.115 23.737 -1.340 -0.611 -0.645 -0.003 0.002 0.603 0.603 0.205 0.205 0.010 0.010 1.168 -1.926 2.253 1.254 1.254 1.773 0.153 0.582 0.602 0.896 -0.643 1.103 0.340 -0.336 0.478 
80.000 21.853 -0.853 -0.988 -0.156 24.760 -3.943 23.721 -2.698 -0.477 -0.807 -0.002 0.000 0.603 0.603 0.205 0.205 0.010 0.010 -1.634 1.958 2.550 1.254 1.254 1.774 2.907 -3.090 4.242 1.868 -1.845 2.626 0.511 -0.651 0.828 
81.000 20.853 -0.853 -1.000 0.000 19.755 1.569 23.224 -3.476 -0.484 -0.800 -0.002 0.000 0.755 0.755 0.229 0.229 0.010 0.010 3.489 -5.074 6.158 1.254 1.254 1.774 -1.098 2.422 2.659 2.371 -2.623 3.536 0.516 -0.800 0.952 
82.000 19.853 -0.853 -1.000 0.000 21.078 0.186 21.961 -2.183 -0.652 -0.351 -0.002 0.003 0.685 0.685 0.211 0.211 0.010 0.010 1.662 -4.462 4.762 1.372 1.372 1.941 1.225 1.039 1.606 2.108 -1.330 2.492 0.348 -0.351 0.494 
83.000 18.853 -0.853 -1.000 0.000 20.188 -0.164 20.841 -1.547 -0.753 -0.140 -0.003 0.004 0.646 0.646 0.205 0.205 0.010 0.010 1.120 -2.371 2.622 1.309 1.309 1.852 1.335 0.689 1.502 1.988 -0.694 2.106 0.247 -0.140 0.284 
84.000 17.853 -0.853 -1.000 0.000 17.900 -2.238 19.238 -1.901 -0.938 -0.182 -0.003 0.003 0.623 0.623 0.204 0.204 0.010 0.010 2.188 0.551 2.256 1.279 1.279 1.808 0.047 -1.385 1.386 1.385 -1.048 1.737 0.062 -0.182 0.192 
85.000 16.853 -0.853 -1.000 0.000 19.082 -1.141 18.592 -1.731 -0.877 -0.102 -0.003 0.003 0.611 0.611 0.204 0.204 0.010 0.010 -0.781 -0.942 1.224 1.263 1.263 1.787 2.229 -0.288 2.248 1.739 -0.878 1.948 0.123 -0.102 0.159 
86.000 15.853 -0.853 -1.000 0.000 12.468 -1.637 17.685 -1.832 -0.887 -0.099 -0.002 0.003 0.758 0.758 0.229 0.229 0.010 0.010 5.247 -0.196 5.251 1.256 1.256 1.777 -3.385 -0.784 3.475 1.832 -0.979 2.077 0.113 -0.099 0.150 
87.000 14.853 -0.853 -1.000 0.000 14.101 -1.133 15.532 -1.556 -1.157 -0.017 -0.004 0.003 0.685 0.685 0.211 0.211 0.010 0.010 2.697 -0.798 2.812 1.373 1.373 1.941 -0.752 -0.280 0.802 0.679 -0.703 0.978 -0.157 -0.017 0.158 
88.000 13.853 -0.853 -1.000 0.000 14.448 -1.825 14.406 -1.678 -1.154 -0.036 -0.003 0.003 0.645 0.645 0.206 0.206 0.010 0.010 -0.072 0.252 0.262 1.308 1.308 1.850 0.595 -0.972 1.140 0.553 -0.825 0.993 -0.154 -0.036 0.158 
89.000 12.853 -0.853 -1.000 0.000 12.093 -0.565 12.802 -1.268 -1.254 0.062 -0.003 0.003 0.623 0.623 0.205 0.205 0.010 0.010 1.159 -1.149 1.632 1.278 1.278 1.807 -0.760 0.288 0.813 -0.051 -0.415 0.418 -0.254 0.062 0.261 
90.000 11.853 -0.853 -1.000 0.000 12.546 -1.795 11.921 -1.426 -1.175 0.017 -0.003 0.002 0.611 0.611 0.205 0.205 0.010 0.010 -0.997 0.589 1.158 1.263 1.263 1.786 0.693 -0.942 1.169 0.068 -0.573 0.577 -0.175 0.017 0.176 
91.000 10.853 -0.853 -1.000 0.000 11.243 -0.158 10.928 -0.950 -1.137 0.122 -0.002 0.003 0.606 0.606 0.205 0.205 0.010 0.010 -0.497 -1.251 1.347 1.257 1.257 1.777 0.390 0.695 0.797 0.075 -0.097 0.123 -0.137 0.122 0.183 
92.000 9.853 -0.853 -1.000 0.000 9.514 0.580 9.690 -0.316 -1.162 0.241 -0.002 0.003 0.604 0.604 0.205 0.205 0.010 0.010 0.277 -1.409 1.436 1.254 1.254 1.774 -0.339 1.433 1.473 -0.163 0.537 0.562 -0.162 0.241 0.290 
93.000 8.853 -0.853 -1.000 0.000 9.391 -0.133 8.842 -0.096 -1.093 0.239 -0.001 0.003 0.603 0.603 0.205 0.205 0.010 0.010 -0.863 0.058 0.865 1.254 1.254 1.773 0.538 0.720 0.899 -0.011 0.757 0.757 -0.093 0.239 0.256 
94.000 7.853 -0.853 -1.000 0.000 8.459 1.186 8.008 0.522 -1.035 0.328 -0.001 0.003 0.603 0.603 0.205 0.205 0.010 0.010 -0.710 -1.043 1.262 1.254 1.254 1.773 0.606 2.039 2.127 0.155 1.375 1.384 -0.035 0.328 0.330 
95.000 6.853 -0.853 -1.000 0.000 8.628 -1.333 7.575 0.056 -0.898 0.149 -0.000 0.002 0.603 0.603 0.204 0.204 0.010 0.010 -1.655 2.184 2.740 1.254 1.254 1.773 1.775 -0.480 1.839 0.722 0.909 1.161 0.102 0.149 0.181 
96.000 5.853 -0.853 -1.000 0.000 -6.754 -4.563 6.601 0.178 -0.916 0.145 -0.000 0.001 0.755 0.755 0.229 0.229 0.010 0.010 13.431 4.768 14.253 1.254 1.254 1.773 -12.607 -3.710 13.142 0.748 1.031 1.274 0.084 0.145 0.167 
97.000 4.853 -0.853 -1.000 0.000 5.233 -0.260 5.473 0.050 -0.961 0.088 -0.000 0.001 0.685 0.685 0.211 0.211 0.010 0.010 0.452 0.583 0.738 1.372 1.372 1.940 0.380 0.593 0.704 0.620 0.903 1.095 0.039 0.088 0.096 
98.000 3.853 -0.853 -1.000 0.000 4.550 -1.337 4.528 -0.477 -0.958 -0.041 -0.000 0.000 0.645 0.645 0.205 0.205 0.010 0.010 -0.038 1.474 1.475 1.309 1.309 1.851 0.697 -0.484 0.849 0.675 0.376 0.773 0.042 -0.041 0.058 
99.000 2.853 -0.853 -1.000 0.000 2.739 -2.660 3.247 -1.349 -1.028 -0.219 -0.001 -0.001 0.623 0.623 0.204 0.204 0.010 0.010 0.831 2.142 2.298 1.278 1.278 1.808 -0.114 -1.807 1.811 0.394 -0.496 0.634 -0.028 -0.219 0.220 
