0.000 0.000 0.000 0.000 0.000 -1.392 0.204 -1.390 0.204 -0.014 0.002 0.000 0.000 0.999 0.999 3.159 3.159 0.902 0.902 1.392 -0.204 1.407 30.163 30.163 42.657 -1.392 0.204 1.407 -1.390 0.204 1.405 -0.014 0.002 0.014 
1.000 0.000 1.000 0.000 1.000 -1.045 3.279 -1.075 3.023 0.313 2.801 0.024 0.206 0.957 0.957 1.648 1.648 0.779 0.779 -0.359 -3.073 3.094 3.464 3.464 4.899 -1.045 2.279 2.507 -1.075 2.023 2.291 0.313 1.801 1.828 
2.000 0.000 2.000 0.000 1.000 -0.858 2.385 -0.843 2.918 0.270 0.586 0.010 -0.233 0.919 0.919 1.351 1.351 0.631 0.631 0.096 3.439 3.440 2.541 2.541 3.593 -0.858 0.385 0.940 -0.843 0.918 1.246 0.270 -0.414 0.494 
3.000 0.000 3.000 0.000 1.000 -1.099 2.683 -0.996 2.845 -0.074 -0.199 -0.069 -0.332 0.896 0.896 1.206 1.206 0.460 0.460 0.525 0.820 0.974 2.253 2.253 3.187 -1.099 -0.317 1.144 -0.996 -0.155 1.008 -0.074 -1.199 1.201 
4.000 0.000 4.000 0.000 1.000 0.538 4.152 0.189 3.825 0.841 0.392 0.141 -0.108 0.885 0.885 1.013 1.013 0.315 0.315 -1.607 -1.506 2.203 2.145 2.145 3.034 0.538 0.152 0.559 0.189 -0.175 0.258 0.841 -0.608 1.038 
5.000 0.000 5.000 0.000 1.000 -1.065 4.564 -0.546 4.478 -0.105 0.464 -0.065 -0.066 0.867 0.867 0.834 0.834 0.221 0.221 2.095 -0.347 2.124 2.008 2.008 2.840 -1.065 -0.436 1.151 -0.546 -0.522 0.755 -0.105 -0.536 0.546 
6.000 0.000 6.000 0.000 1.000 -1.011 4.570 -0.907 4.677 -0.325 0.238 -0.081 -0.083 0.844 0.844 0.702 0.702 0.165 0.165 0.361 0.372 0.518 1.867 1.867 2.640 -1.011 -1.430 1.751 -0.907 -1.323 1.605 -0.325 -0.762 0.829 
7.000 0.000 7.000 0.000 1.000 -0.157 9.360 -0.507 7.911 -0.013 1.779 -0.025 0.123 0.821 0.821 0.614 0.614 0.134 0.134 -1.075 -4.445 4.574 1.752 1.752 2.477 -0.157 2.360 2.365 -0.507 0.911 1.043 -0.013 0.779 0.779 
8.000 0.000 8.000 0.000 1.000 -1.584 6.504 -1.202 7.649 -0.377 0.886 -0.057 0.008 0.800 0.800 0.559 0.559 0.116 0.116 1.063 3.186 3.359 1.668 1.668 2.359 -1.584 -1.496 2.179 -1.202 -0.351 1.252 -0.377 -0.114 0.394 
9.000 0.000 9.000 0.000 1.000 0.799 8.386 -0.119 8.444 0.251 0.851 0.007 0.004 0.784 0.784 0.526 0.526 0.105 0.105 -2.378 0.150 2.383 1.609 1.609 2.276 0.799 -0.614 1.008 -0.119 -0.556 0.569 0.251 -0.149 0.292 
10.000 0.000 10.000 0.000 1.000 -1.208 9.839 -0.665 9.619 -0.102 1.001 -0.020 0.014 0.771 0.771 0.508 0.508 0.099 0.099 1.340 -0.544 1.446 1.571 1.571 2.221 -1.208 -0.161 1.219 -0.665 -0.381 0.767 -0.102 0.001 0.102 
11.000 0.000 11.000 0.000 1.000 0.785 9.523 0.136 9.982 0.277 0.733 0.008 -0.005 0.763 0.763 0.497 0.497 0.096 0.096 -1.552 1.097 1.901 1.546 1.546 2.186 0.785 -1.477 1.673 0.136 -1.018 1.027 0.277 -0.267 0.385 
12.000 0.000 12.000 0.000 1.000 1.226 12.342 0.879 11.648 0.489 1.136 0.019 0.019 0.757 0.757 0.492 0.492 0.093 0.093 -0.813 -1.627 1.819 1.531 1.531 2.165 1.226 0.342 1.273 0.879 -0.352 0.947 0.489 0.136 0.507 
13.000 0.000 13.000 0.000 1.000 -0.880 13.535 0.090 13.211 -0.048 1.340 -0.013 0.027 0.754 0.754 0.489 0.489 0.092 0.092 2.248 -0.752 2.370 1.522 1.522 2.153 -0.880 0.535 1.030 0.090 0.211 0.229 -0.048 0.340 0.343 
14.000 0.000 14.000 0.000 1.000 -2.088 14.557 -1.163 14.554 -0.583 1.369 -0.039 0.024 0.752 0.752 0.488 0.488 0.091 0.091 2.130 -0.006 2.130 1.517 1.517 2.146 -2.088 0.557 2.161 -1.163 0.554 1.288 -0.583 0.369 0.690 
15.000 0.000 15.000 0.000 1.000 1.510 15.147 0.090 15.485 0.172 1.204 0.005 0.012 0.751 0.751 0.487 0.487 0.090 0.090 -3.256 0.776 3.347 1.514 1.514 2.142 1.510 0.147 1.517 0.090 0.485 0.494 0.172 0.204 0.266 
16.000 0.000 16.000 0.000 1.000 3.918 18.766 2.321 17.859 1.065 1.721 0.048 0.036 0.750 0.750 0.486 0.486 0.090 0.090 -3.656 -2.077 4.205 1.513 1.513 2.139 3.918 2.766 4.796 2.321 1.859 2.973 1.065 0.721 1.286 
17.000 0.000 17.000 0.000 1.000 -0.812 17.072 1.025 18.169 0.095 1.149 -0.006 0.003 0.750 0.750 0.486 0.486 0.089 0.089 4.198 2.508 4.890 1.512 1.512 2.138 -0.812 0.072 0.815 1.025 1.169 1.555 0.095 0.149 0.176 
18.000 0.000 18.000 0.000 1.000 -1.926 16.171 -0.593 17.549 -0.650 0.389 -0.041 -0.034 0.750 0.750 0.486 0.486 0.089 0.089 3.045 3.147 4.379 1.511 1.511 2.137 -1.926 -1.829 2.656 -0.593 -0.451 0.745 -0.650 -0.611 0.892 
19.000 0.000 19.000 0.000 1.000 -0.891 19.736 -1.045 18.948 -0.606 0.790 -0.033 -0.010 0.750 0.750 0.485 0.485 0.089 0.089 -0.351 -1.798 1.832 1.511 1.511 2.137 -0.891 0.736 1.156 -1.045 -0.052 1.046 -0.606 -0.210 0.641 
20.000 0.000 20.000 0.000 1.000 -0.794 20.753 -1.169 20.308 -0.432 1.025 -0.020 0.003 0.750 0.750 0.485 0.485 0.089 0.089 -0.857 -1.015 1.328 1.511 1.511 2.136 -0.794 0.753 1.094 -1.169 0.308 1.209 -0.432 0.025 0.433 
21.000 0.000 21.000 0.000 1.000 1.213 19.185 -0.021 20.127 0.229 0.508 0.015 -0.022 0.749 0.749 0.485 0.485 0.089 0.089 -2.814 2.149 3.541 1.510 1.510 2.136 1.213 -1.815 2.183 -0.021 -0.873 0.873 0.229 -0.492 0.542 
22.000 0.156 21.988 0.156 0.988 1.109 21.185 0.714 20.944 0.462 0.619 0.024 -0.014 0.749 0.749 0.485 0.485 0.089 0.089 -0.900 -0.550 1.055 1.510 1.510 2.136 0.953 -0.803 1.246 0.558 -1.044 1.184 0.306 -0.369 0.479 
23.000 0.465 22.939 0.309 0.951 0.306 22.597 0.687 22.144 0.275 0.855 0.011 -0.000 0.749 0.749 0.485 0.485 0.089 0.089 0.870 -1.034 1.351 1.510 1.510 2.136 -0.159 -0.342 0.377 0.222 -0.795 0.826 -0.034 -0.096 0.102 
24.000 0.919 23.830 0.454 0.891 4.045 18.862 2.693 20.676 1.031 -0.145 0.046 -0.048 0.749 0.749 0.485 0.485 0.089 0.089 -3.083 4.137 5.159 1.510 1.510 2.136 3.126 -4.968 5.870 1.774 -3.154 3.619 0.577 -1.036 1.186 
25.000 1.507 24.639 0.588 0.809 2.410 27.251 3.708 20.616 1.070 -0.157 0.041 -0.042 1.124 1.124 0.605 0.605 0.090 0.090 1.314 -6.720 6.848 1.510 1.510 2.136 0.903 2.612 2.764 2.201 -4.023 4.586 0.482 -0.966 1.079 
26.000 2.214 25.346 0.707 0.707 1.367 26.248 2.284 24.691 0.189 1.366 -0.004 0.032 0.855 0.855 0.490 0.490 0.089 0.089 3.411 -5.789 6.719 1.928 1.928 2.727 -0.847 0.902 1.237 0.070 -0.655 0.659 -0.518 0.659 0.838 
27.000 3.023 25.934 0.809 0.588 2.450 26.607 2.459 26.388 0.179 1.526 -0.004 0.035 0.776 0.776 0.487 0.487 0.089 0.089 0.023 -0.551 0.551 1.585 1.585 2.241 -0.573 0.673 0.884 -0.564 0.454 0.724 -0.630 0.938 1.130 
28.000 3.914 26.388 0.891 0.454 2.778 26.450 2.717 27.085 0.208 1.216 -0.002 0.015 0.752 0.752 0.492 0.492 0.089 0.089 -0.139 1.464 1.471 1.518 1.518 2.147 -1.136 0.062 1.138 -1.197 0.697 1.385 -0.683 0.762 1.023 
29.000 4.865 26.697 0.951 0.309 5.267 25.785 4.240 26.888 0.773 0.621 0.025 -0.015 0.749 0.749 0.493 0.493 0.089 0.089 -2.342 2.516 3.437 1.510 1.510 2.136 0.402 -0.912 0.997 -0.625 0.191 0.654 -0.178 0.312 0.360 
30.000 5.853 26.853 0.988 0.156 5.777 26.740 5.443 27.076 0.985 0.418 0.031 -0.023 0.750 0.750 0.490 0.490 0.089 0.089 -0.764 0.770 1.085 1.513 1.513 2.140 -0.076 -0.113 0.136 -0.410 0.223 0.467 -0.003 0.262 0.262 
31.000 6.853 26.853 1.000 0.000 6.743 24.839 6.606 25.997 1.093 -0.252 0.032 -0.051 0.751 0.751 0.487 0.487 0.089 0.089 -0.315 2.655 2.674 1.514 1.514 2.141 -0.110 -2.014 2.017 -0.247 -0.856 0.891 0.093 -0.252 0.269 
32.000 7.853 26.853 1.000 0.000 11.939 31.791 7.752 25.822 1.148 -0.270 0.030 -0.045 1.128 1.128 0.606 0.606 0.090 0.090 -4.241 -6.046 7.385 1.513 1.513 2.139 4.086 4.938 6.409 -0.101 -1.031 1.036 0.148 -0.270 0.308 
33.000 8.853 26.853 1.000 0.000 7.807 26.836 8.100 26.492 0.882 0.032 0.014 -0.025 0.856 0.856 0.490 0.490 0.089 0.089 1.093 -1.284 1.687 1.933 1.933 2.734 -1.046 -0.017 1.046 -0.753 -0.361 0.835 -0.118 0.032 0.122 
34.000 9.853 26.853 1.000 0.000 9.671 27.218 9.397 26.942 1.056 0.169 0.020 -0.015 0.776 0.776 0.487 0.487 0.089 0.089 -0.689 -0.693 0.978 1.585 1.585 2.242 -0.182 0.365 0.408 -0.456 0.089 0.465 0.056 0.169 0.178 
35.000 10.853 26.853 1.000 0.000 10.397 27.954 10.421 27.588 1.063 0.353 0.017 -0.004 0.752 0.752 0.492 0.492 0.089 0.089 0.056 -0.843 0.844 1.518 1.518 2.147 -0.456 1.101 1.192 -0.432 0.735 0.853 0.063 0.353 0.359 
36.000 11.853 26.853 1.000 0.000 12.352 27.417 11.971 27.647 1.290 0.222 0.025 -0.010 0.749 0.749 0.493 0.493 0.089 0.089 -0.868 0.525 1.014 1.510 1.510 2.135 0.499 0.564 0.753 0.118 0.794 0.803 0.290 0.222 0.365 
37.000 12.853 26.853 1.000 0.000 12.589 28.074 12.883 27.984 1.151 0.263 0.015 -0.006 0.750 0.750 0.490 0.490 0.089 0.089 0.672 -0.205 0.703 1.513 1.513 2.140 -0.264 1.221 1.249 0.030 1.131 1.132 0.151 0.263 0.303 
38.000 13.853 26.853 1.000 0.000 14.310 27.960 14.189 28.085 1.233 0.186 0.017 -0.009 0.751 0.751 0.487 0.487 0.089 0.089 -0.276 0.287 0.398 1.514 1.514 2.141 0.457 1.107 1.198 0.336 1.232 1.277 0.233 0.186 0.299 
39.000 14.853 26.853 1.000 0.000 12.387 24.827 13.713 26.332 0.513 -0.659 -0.020 -0.048 0.750 0.750 0.486 0.486 0.089 0.089 3.036 3.445 4.591 1.513 1.513 2.139 -2.466 -2.026 3.192 -1.140 -0.521 1.253 -0.487 -0.659 0.819 
40.000 15.853 26.853 1.000 0.000 16.360 16.867 14.254 25.562 0.505 -0.754 -0.017 -0.045 1.126 1.126 0.605 0.605 0.090 0.090 -2.133 8.806 9.061 1.511 1.511 2.137 0.507 -9.986 9.999 -1.599 -1.291 2.055 -0.495 -0.754 0.902 
41.000 16.853 26.853 1.000 0.000 18.567 27.281 17.545 26.617 1.516 -0.131 0.030 -0.011 0.855 0.855 0.490 0.490 0.089 0.089 -3.808 -2.473 4.541 1.930 1.930 2.729 1.714 0.428 1.767 0.692 -0.236 0.731 0.516 -0.131 0.533 
42.000 17.853 26.853 1.000 0.000 17.204 27.692 17.943 27.212 1.114 0.139 0.007 0.003 0.776 0.776 0.487 0.487 0.089 0.089 1.857 -1.206 2.215 1.585 1.585 2.241 -0.649 0.839 1.061 0.090 0.359 0.370 0.114 0.139 0.179 
43.000 18.853 26.853 1.000 0.000 17.924 26.501 18.416 26.869 0.854 -0.059 -0.006 -0.007 0.752 0.752 0.492 0.492 0.089 0.089 1.133 0.849 1.416 1.518 1.518 2.147 -0.929 -0.352 0.993 -0.437 0.016 0.437 -0.146 -0.059 0.157 
44.000 19.853 26.853 1.000 0.000 20.773 27.993 20.114 27.475 1.212 0.221 0.012 0.008 0.749 0.749 0.493 0.493 0.089 0.089 -1.503 -1.182 1.912 1.510 1.510 2.136 0.920 1.140 1.465 0.261 0.622 0.674 0.212 0.221 0.306 
45.000 20.853 26.853 1.000 0.000 18.797 26.605 19.902 27.081 0.606 -0.038 -0.019 -0.006 0.750 0.750 0.490 0.490 0.089 0.089 2.529 1.090 2.754 1.513 1.513 2.140 -2.056 -0.248 2.071 -0.951 0.228 0.978 -0.394 -0.038 0.396 
46.000 21.853 26.853 1.000 0.000 22.267 28.117 21.500 27.649 1.016 0.218 0.004 0.007 0.751 0.751 0.487 0.487 0.089 0.089 -1.759 -1.074 2.061 1.514 1.514 2.141 0.414 1.264 1.330 -0.353 0.796 0.871 0.016 0.218 0.218 
47.000 22.841 26.697 0.988 -0.156 24.035 26.047 23.371 26.842 1.388 -0.217 0.021 -0.015 0.750 0.750 0.486 0.486 0.089 0.089 -1.519 1.819 2.370 1.513 1.513 2.139 1.194 -0.650 1.359 0.530 0.145 0.550 0.400 -0.061 0.405 
48.000 23.792 26.388 0.951 -0.309 22.755 28.338 23.633 27.588 0.924 0.183 -0.004 0.007 0.750 0.750 0.485 0.485 0.089 0.089 2.004 -1.713 2.636 1.511 1.511 2.137 -1.037 1.950 2.209 -0.159 1.200 1.211 -0.027 0.492 0.493 
49.000 24.683 25.934 0.891 -0.454 24.544 26.502 24.550 27.058 0.917 -0.117 -0.004 -0.009 0.749 0.749 0.485 0.485 0.089 0.089 0.013 1.269 1.269 1.510 1.510 2.136 -0.139 0.568 0.585 -0.133 1.124 1.132 0.026 0.337 0.338 
50.000 25.492 25.346 0.809 -0.588 24.378 24.798 24.855 25.738 0.650 -0.644 -0.016 -0.032 0.749 0.749 0.485 0.485 0.089 0.089 1.088 2.143 2.404 1.510 1.510 2.135 -1.114 -0.548 1.241 -0.637 0.392 0.748 -0.159 -0.056 0.169 
51.000 26.199 24.639 0.707 -0.707 26.380 24.602 25.996 24.818 0.845 -0.795 -0.005 -0.035 0.749 0.749 0.485 0.485 0.089 0.089 -0.875 0.493 1.004 1.510 1.510 2.135 0.181 -0.037 0.185 -0.203 0.179 0.271 0.138 -0.088 0.164 
52.000 26.787 23.830 0.588 -0.809 25.328 24.087 25.992 24.059 0.475 -0.814 -0.021 -0.031 0.749 0.749 0.485 0.485 0.089 0.089 1.513 -0.064 1.514 1.510 1.510 2.135 -1.459 0.257 1.481 -0.795 0.229 0.828 -0.113 -0.005 0.113 
53.000 27.241 22.939 0.454 -0.891 26.748 22.217 26.624 22.668 0.521 -1.093 -0.016 -0.039 0.749 0.749 0.485 0.485 0.089 0.089 -0.282 1.028 1.065 1.510 1.510 2.135 -0.493 -0.722 0.874 -0.617 -0.271 0.674 0.067 -0.202 0.213 
54.000 27.550 21.988 0.309 -0.951 28.671 21.890 28.002 21.752 0.874 -1.056 0.003 -0.032 0.749 0.749 0.485 0.485 0.089 0.089 -1.525 -0.316 1.558 1.510 1.510 2.135 1.121 -0.098 1.125 0.452 -0.236 0.510 0.565 -0.105 0.575 
55.000 27.706 21.000 0.156 -0.988 27.413 20.288 28.055 20.467 0.523 -1.187 -0.014 -0.033 0.749 0.749 0.485 0.485 0.089 0.089 1.463 0.407 1.518 1.510 1.510 2.135 -0.293 -0.712 0.770 0.349 -0.533 0.637 0.367 -0.199 0.418 
56.000 27.706 20.000 0.000 -1.000 15.755 13.500 28.416 19.207 0.440 -1.251 -0.016 -0.031 1.124 1.124 0.604 0.604 0.090 0.090 12.823 5.780 14.065 1.510 1.510 2.135 -11.951 -6.500 13.604 0.710 -0.793 1.064 0.440 -0.251 0.506 
57.000 27.706 19.000 0.000 -1.000 28.032 19.897 28.254 19.375 0.201 -0.758 -0.024 -0.005 0.855 0.855 0.490 0.490 0.089 0.089 0.823 -1.941 2.109 1.928 1.928 2.727 0.326 0.897 0.954 0.548 0.375 0.663 0.201 0.242 0.314 
58.000 27.706 18.000 0.000 -1.000 27.323 17.636 27.774 18.026 -0.087 -0.992 -0.034 -0.015 0.776 0.776 0.487 0.487 0.089 0.089 1.132 0.980 1.497 1.585 1.585 2.241 -0.383 -0.364 0.528 0.068 0.026 0.073 -0.087 0.008 0.087 
59.000 27.706 17.000 0.000 -1.000 28.642 18.093 28.228 17.634 0.105 -0.757 -0.020 -0.002 0.752 0.752 0.492 0.492 0.089 0.089 -0.955 -1.058 1.426 1.518 1.518 2.147 0.936 1.093 1.439 0.522 0.634 0.821 0.105 0.243 0.265 
60.000 27.706 16.000 0.000 -1.000 27.236 13.214 27.717 14.820 -0.181 -1.646 -0.031 -0.044 0.749 0.749 0.493 0.493 0.089 0.089 1.096 3.663 3.823 1.510 1.510 2.135 -0.470 -2.786 2.825 0.011 -1.180 1.180 -0.181 -0.646 0.671 
61.000 27.706 15.000 0.000 -1.000 29.309 16.462 28.534 15.025 0.222 -0.886 -0.007 -0.001 0.750 0.750 0.490 0.490 0.089 0.089 -1.773 -3.288 3.736 1.513 1.513 2.140 1.603 1.462 2.170 0.828 0.025 0.829 0.222 0.114 0.250 
62.000 27.706 14.000 0.000 -1.000 27.315 12.685 27.944 13.320 -0.136 -1.242 -0.023 -0.018 0.751 0.751 0.487 0.487 0.089 0.089 1.441 1.454 2.048 1.514 1.514 2.141 -0.391 -1.315 1.372 0.238 -0.680 0.721 -0.136 -0.242 0.278 
63.000 27.706 13.000 0.000 -1.000 28.197 13.649 28.027 12.962 -0.065 -0.878 -0.016 0.002 0.750 0.750 0.486 0.486 0.089 0.089 -0.389 -1.571 1.619 1.513 1.513 2.139 0.491 0.649 0.814 0.321 -0.038 0.323 -0.065 0.122 0.138 
64.000 27.706 12.000 0.000 -1.000 30.799 18.608 27.998 12.167 -0.065 -0.841 -0.014 0.004 1.126 1.126 0.605 0.605 0.090 0.090 -2.837 -6.524 7.114 1.511 1.511 2.137 3.093 6.608 7.296 0.292 0.167 0.336 -0.065 0.159 0.172 
65.000 27.706 11.000 0.000 -1.000 28.777 11.139 28.550 11.189 0.149 -0.888 -0.002 0.001 0.855 0.855 0.490 0.490 0.089 0.089 -0.844 0.187 0.865 1.930 1.930 2.729 1.071 0.139 1.080 0.844 0.189 0.865 0.149 0.112 0.187 
66.000 27.706 10.000 0.000 -1.000 28.580 8.976 28.628 9.504 0.119 -1.195 -0.003 -0.013 0.776 0.776 0.487 0.487 0.089 0.089 0.119 1.325 1.331 1.585 1.585 2.241 0.874 -1.024 1.346 0.922 -0.496 1.047 0.119 -0.195 0.229 
67.000 27.706 9.000 0.000 -1.000 29.650 8.525 29.258 8.431 0.329 -1.158 0.007 -0.010 0.752 0.752 0.492 0.492 0.089 0.089 -0.904 -0.217 0.929 1.518 1.518 2.147 1.944 -0.475 2.001 1.552 -0.569 1.653 0.329 -0.158 0.365 
68.000 27.706 8.000 0.000 -1.000 24.750 8.668 26.871 8.056 -0.836 -0.829 -0.049 0.007 0.749 0.749 0.493 0.493 0.089 0.089 4.837 -1.395 5.034 1.510 1.510 2.136 -2.956 0.668 3.031 -0.835 0.056 0.837 -0.836 0.171 0.853 
69.000 27.706 7.000 0.000 -1.000 26.251 7.666 26.157 7.474 -0.833 -0.714 -0.042 0.012 0.750 0.750 0.490 0.490 0.089 0.089 -0.216 -0.439 0.489 1.513 1.513 2.140 -1.455 0.666 1.600 -1.549 0.474 1.620 -0.833 0.286 0.880 
70.000 27.706 6.000 0.000 -1.000 27.522 5.152 26.563 5.853 -0.339 -1.095 -0.012 -0.008 0.751 0.751 0.487 0.487 0.089 0.089 -2.198 1.608 2.723 1.514 1.514 2.141 -0.184 -0.848 0.868 -1.143 -0.147 1.152 -0.339 -0.095 0.352 
71.000 27.706 5.000 0.000 -1.000 28.622 5.652 27.574 5.262 0.231 -0.886 0.017 0.003 0.750 0.750 0.486 0.486 0.089 0.089 -2.398 -0.893 2.559 1.513 1.513 2.139 0.916 0.652 1.124 -0.132 0.262 0.293 0.231 0.114 0.257 
72.000 27.550 4.012 -0.156 -0.988 23.765 1.491 25.534 2.754 -0.730 -1.581 -0.032 -0.030 0.750 0.750 0.485 0.485 0.089 0.089 4.040 2.885 4.964 1.511 1.511 2.137 -3.785 -2.521 4.548 -2.016 -1.258 2.377 -0.574 -0.593 0.825 
73.000 27.241 3.061 -0.309 -0.951 28.273 2.867 26.752 2.125 0.077 -1.202 0.011 -0.008 0.749 0.749 0.485 0.485 0.089 0.089 -3.469 -1.694 3.861 1.510 1.510 2.136 1.032 -0.194 1.050 -0.489 -0.936 1.056 0.386 -0.251 0.460 
74.000 26.787 2.170 -0.454 -0.891 27.491 1.341 27.201 1.158 0.248 -1.109 0.018 -0.002 0.749 0.749 0.485 0.485 0.089 0.089 -0.662 -0.418 0.783 1.510 1.510 2.135 0.704 -0.829 1.088 0.414 -1.012 1.094 0.702 -0.218 0.735 
75.000 26.199 1.361 -0.588 -0.809 25.366 0.865 26.280 0.507 -0.237 -0.914 -0.008 0.007 0.749 0.749 0.485 0.485 0.089 0.089 2.083 -0.816 2.237 1.510 1.510 2.135 -0.833 -0.496 0.969 0.081 -0.854 0.858 0.351 -0.105 0.366 
76.000 25.492 0.654 -0.707 -0.707 24.986 0.696 25.449 0.212 -0.500 -0.640 -0.019 0.019 0.749 0.749 0.485 0.485 0.089 0.089 1.056 -1.102 1.527 1.510 1.510 2.135 -0.506 0.042 0.508 -0.043 -0.442 0.444 0.207 0.067 0.217 
77.000 24.683 0.066 -0.809 -0.588 25.717 -1.467 25.380 -1.011 -0.334 -0.872 -0.008 0.005 0.749 0.749 0.485 0.485 0.089 0.089 -0.768 1.040 1.293 1.510 1.510 2.135 1.034 -1.533 1.849 0.697 -1.077 1.283 0.475 -0.284 0.553 
78.000 23.792 -0.388 -0.891 -0.454 23.725 0.219 24.305 -0.703 -0.662 -0.358 -0.023 0.029 0.749 0.749 0.485 0.485 0.089 0.089 1.321 -2.102 2.483 1.510 1.510 2.135 -0.067 0.607 0.611 0.513 -0.315 0.601 0.229 0.096 0.248 
79.000 22.841 -0.697 -0.951 -0.309 22.994 -0.115 23.279 -0.530 -0.841 -0.101 -0.028 0.037 0.749 0.749 0.485 0.485 0.089 0.089 0.649 -0.946 1.147 1.510 1.510 2.135 0.153 0.582 0.602 0.438 0.167 0.468 0.110 0.208 0.235 
80.000 21.853 -0.853 -0.988 -0.156 24.760 -3.943 23.741 -2.490 -0.308 -0.864 0.002 -0.005 0.749 0.749 0.485 0.485 0.089 0.089 -2.323 3.312 4.045 1.510 1.510 2.135 2.907 -3.090 4.242 1.888 -1.637 2.499 0.680 -0.708 0.982 
81.000 20.853 -0.853 -1.000 0.000 19.755 1.569 23.387 -3.292 -0.326 -0.842 0.000 -0.003 1.124 1.124 0.604 0.604 0.090 0.090 3.678 -4.923 6.146 1.510 1.510 2.135 -1.098 2.422 2.659 2.534 -2.439 3.517 0.674 -0.842 1.078 
82.000 19.853 -0.853 -1.000 0.000 21.078 0.186 21.611 -0.976 -0.861 0.322 -0.023 0.049 0.855 0.855 0.490 0.490 0.089 0.089 1.982 -4.320 4.753 1.928 1.928 2.727 1.225 1.039 1.606 1.758 -0.123 1.763 0.139 0.322 0.350 
83.000 18.853 -0.853 -1.000 0.000 20.188 -0.164 20.412 -0.359 -1.016 0.485 -0.027 0.050 0.776 0.776 0.487 0.487 0.089 0.089 0.562 -0.490 0.746 1.585 1.585 2.241 1.335 0.689 1.502 1.559 0.494 1.635 -0.016 0.485 0.486 
84.000 17.853 -0.853 -1.000 0.000 17.900 -2.238 18.549 -1.212 -1.396 -0.023 -0.041 0.018 0.752 0.752 0.492 0.492 0.089 0.089 1.496 2.364 2.798 1.518 1.518 2.147 0.047 -1.385 1.386 0.696 -0.359 0.783 -0.396 -0.023 0.396 
85.000 16.853 -0.853 -1.000 0.000 19.082 -1.141 18.236 -1.182 -0.969 0.019 -0.015 0.018 0.749 0.749 0.493 0.493 0.089 0.089 -1.929 -0.094 1.931 1.510 1.510 2.135 2.229 -0.288 2.248 1.383 -0.329 1.422 0.031 0.019 0.036 
86.000 15.853 -0.853 -1.000 0.000 12.468 -1.637 14.565 -1.430 -2.157 -0.080 -0.069 0.010 0.750 0.750 0.490 0.490 0.089 0.089 4.799 0.473 4.822 1.513 1.513 2.140 -3.385 -0.784 3.475 -1.288 -0.577 1.412 -1.157 -0.080 1.160 
87.000 14.853 -0.853 -1.000 0.000 14.101 -1.133 13.362 -1.297 -1.813 0.023 -0.043 0.014 0.751 0.751 0.487 0.487 0.089 0.089 -1.694 -0.377 1.735 1.514 1.514 2.141 -0.752 -0.280 0.802 -1.491 -0.444 1.556 -0.813 0.023 0.814 
88.000 13.853 -0.853 -1.000 0.000 14.448 -1.825 13.181 -1.585 -1.152 -0.097 -0.005 0.006 0.750 0.750 0.486 0.486 0.089 0.089 -2.899 0.550 2.951 1.513 1.513 2.139 0.595 -0.972 1.140 -0.672 -0.732 0.993 -0.152 -0.097 0.181 
89.000 12.853 -0.853 -1.000 0.000 12.093 -0.565 12.065 -1.054 -1.142 0.179 -0.004 0.018 0.750 0.750 0.485 0.485 0.089 0.089 -0.064 -1.117 1.119 1.511 1.511 2.137 -0.760 0.288 0.813 -0.788 -0.201 0.813 -0.142 0.179 0.228 
90.000 11.853 -0.853 -1.000 0.000 12.546 -1.795 11.835 -1.392 -0.753 -0.025 0.015 0.006 0.749 0.749 0.485 0.485 0.089 0.089 -1.623 0.920 1.865 1.510 1.510 2.136 0.693 -0.942 1.169 -0.018 -0.539 0.539 0.247 -0.025 0.248 
91.000 10.853 -0.853 -1.000 0.000 11.243 -0.158 11.172 -0.710 -0.699 0.285 0.016 0.020 0.749 0.749 0.485 0.485 0.089 0.089 -0.162 -1.259 1.269 1.510 1.510 2.135 0.390 0.695 0.797 0.319 0.143 0.350 0.301 0.285 0.414 
92.000 9.853 -0.853 -1.000 0.000 9.514 0.580 9.935 0.139 -0.915 0.547 0.003 0.029 0.749 0.749 0.485 0.485 0.089 0.089 0.959 -1.005 1.390 1.510 1.510 2.135 -0.339 1.433 1.473 0.082 0.992 0.995 0.085 0.547 0.554 
93.000 8.853 -0.853 -1.000 0.000 9.391 -0.133 9.228 0.226 -0.822 0.379 0.007 0.017 0.749 0.749 0.485 0.485 0.089 0.089 -0.371 0.819 0.900 1.510 1.510 2.135 0.538 0.720 0.899 0.375 1.079 1.143 0.178 0.379 0.418 
94.000 7.853 -0.853 -1.000 0.000 8.459 1.186 8.436 0.931 -0.802 0.536 0.007 0.022 0.749 0.749 0.485 0.485 0.089 0.089 -0.053 -0.581 0.583 1.510 1.510 2.135 0.606 2.039 2.127 0.583 1.784 1.877 0.198 0.536 0.571 
95.000 6.853 -0.853 -1.000 0.000 8.628 -1.333 8.192 -0.105 -0.555 -0.119 0.018 -0.012 0.749 0.749 0.485 0.485 0.089 0.089 -0.995 2.800 2.972 1.510 1.510 2.135 1.775 -0.480 1.839 1.339 0.748 1.534 0.445 -0.119 0.461 
96.000 5.853 -0.853 -1.000 0.000 -6.754 -4.563 7.455 -0.278 -0.616 -0.155 0.012 -0.012 1.124 1.124 0.604 0.604 0.090 0.090 14.391 4.339 15.031 1.510 1.510 2.135 -12.607 -3.710 13.142 1.602 0.575 1.702 0.384 -0.155 0.414 
97.000 4.853 -0.853 -1.000 0.000 5.233 -0.260 5.665 -0.307 -1.037 -0.120 -0.008 -0.009 0.855 0.855 0.490 0.490 0.089 0.089 1.606 -0.173 1.616 1.928 1.928 2.727 0.380 0.593 0.704 0.812 0.546 0.979 -0.037 -0.120 0.126 
98.000 3.853 -0.853 -1.000 0.000 4.550 -1.337 4.581 -0.975 -1.064 -0.341 -0.008 -0.018 0.776 0.776 0.487 0.487 0.089 0.089 0.078 0.910 0.913 1.585 1.585 2.241 0.697 -0.484 0.849 0.728 -0.122 0.738 -0.064 -0.341 0.347 
99.000 2.853 -0.853 -1.000 0.000 2.739 -2.660 3.077 -2.077 -1.256 -0.676 -0.016 -0.031 0.752 0.752 0.492 0.492 0.089 0.089 0.778 1.344 1.553 1.518 1.518 2.147 -0.114 -1.807 1.811 0.224 -1.224 1.244 -0.256 -0.676 0.723 
