0.000 0.000 0.000 0.000 0.000 -1.392 0.204 -1.390 0.204 -0.014 0.002 0.000 0.000 0.999 0.999 3.147 3.147 0.967 0.967 1.392 -0.204 1.407 30.163 30.163 42.657 -1.392 0.204 1.407 -1.390 0.204 1.405 -0.014 0.002 0.014 
1.000 0.000 1.000 0.000 1.000 -1.045 3.279 -1.075 3.021 0.314 2.806 0.028 0.239 0.957 0.957 1.686 1.686 0.896 0.896 -0.359 -3.073 3.094 3.453 3.453 4.883 -1.045 2.279 2.507 -1.075 2.021 2.289 0.314 1.806 1.833 
2.000 0.000 2.000 0.000 1.000 -0.858 2.385 -0.843 2.908 0.271 0.522 0.012 -0.307 0.921 0.921 1.447 1.447 0.768 0.768 0.097 3.442 3.443 2.566 2.566 3.629 -0.858 0.385 0.940 -0.843 0.908 1.239 0.271 -0.478 0.549 
3.000 0.000 3.000 0.000 1.000 -1.099 2.683 -1.002 2.821 -0.103 -0.332 -0.095 -0.448 0.903 0.903 1.319 1.319 0.575 0.575 0.527 0.747 0.914 2.325 2.325 3.289 -1.099 -0.317 1.144 -1.002 -0.179 1.017 -0.103 -1.332 1.336 
4.000 0.000 4.000 0.000 1.000 0.538 4.152 0.211 3.821 0.912 0.344 0.197 -0.140 0.895 0.895 1.101 1.101 0.392 0.392 -1.643 -1.663 2.338 2.241 2.241 3.169 0.538 0.152 0.559 0.211 -0.179 0.277 0.912 -0.656 1.123 
5.000 0.000 5.000 0.000 1.000 -1.065 4.564 -0.564 4.472 -0.134 0.431 -0.094 -0.084 0.878 0.878 0.888 0.888 0.266 0.266 2.188 -0.399 2.224 2.089 2.089 2.955 -1.065 -0.436 1.151 -0.564 -0.528 0.772 -0.134 -0.569 0.585 
6.000 0.000 6.000 0.000 1.000 -1.011 4.570 -0.926 4.660 -0.373 0.192 -0.120 -0.112 0.854 0.854 0.722 0.722 0.187 0.187 0.313 0.333 0.457 1.923 1.923 2.719 -1.011 -1.430 1.751 -0.926 -1.340 1.629 -0.373 -0.808 0.890 
7.000 0.000 7.000 0.000 1.000 -0.157 9.360 -0.516 7.942 -0.058 1.795 -0.040 0.192 0.828 0.828 0.599 0.599 0.139 0.139 -1.143 -4.508 4.650 1.783 1.783 2.521 -0.157 2.360 2.365 -0.516 0.942 1.074 -0.058 0.795 0.797 
8.000 0.000 8.000 0.000 1.000 -1.584 6.504 -1.224 7.657 -0.417 0.965 -0.088 0.027 0.802 0.802 0.510 0.510 0.109 0.109 1.009 3.233 3.387 1.675 1.675 2.368 -1.584 -1.496 2.179 -1.224 -0.343 1.271 -0.417 -0.035 0.418 
9.000 0.000 9.000 0.000 1.000 0.799 8.386 -0.163 8.479 0.149 0.929 0.006 0.017 0.778 0.778 0.445 0.445 0.091 0.091 -2.440 0.236 2.451 1.592 1.592 2.252 0.799 -0.614 1.008 -0.163 -0.521 0.546 0.149 -0.071 0.165 
10.000 0.000 10.000 0.000 1.000 -1.208 9.839 -0.698 9.655 -0.121 1.046 -0.029 0.029 0.757 0.757 0.398 0.398 0.080 0.080 1.193 -0.431 1.268 1.529 1.529 2.163 -1.208 -0.161 1.219 -0.698 -0.345 0.778 -0.121 0.046 0.130 
11.000 0.000 11.000 0.000 1.000 0.785 9.523 0.054 10.060 0.178 0.835 0.010 0.000 0.738 0.738 0.364 0.364 0.073 0.073 -1.604 1.178 1.990 1.481 1.481 2.094 0.785 -1.477 1.673 0.054 -0.940 0.941 0.178 -0.165 0.243 
12.000 0.000 12.000 0.000 1.000 1.226 12.342 0.749 11.648 0.373 1.103 0.030 0.030 0.722 0.722 0.341 0.341 0.069 0.069 -0.994 -1.447 1.756 1.444 1.444 2.043 1.226 0.342 1.273 0.749 -0.352 0.828 0.373 0.103 0.386 
13.000 0.000 13.000 0.000 1.000 -0.880 13.535 0.117 13.144 0.060 1.266 -0.007 0.043 0.708 0.708 0.325 0.325 0.067 0.067 2.002 -0.784 2.150 1.417 1.417 2.004 -0.880 0.535 1.030 0.117 0.144 0.186 0.060 0.266 0.273 
14.000 0.000 14.000 0.000 1.000 -2.088 14.557 -0.926 14.482 -0.312 1.333 -0.043 0.044 0.698 0.698 0.316 0.316 0.065 0.065 2.266 -0.146 2.270 1.396 1.396 1.975 -2.088 0.557 2.161 -0.926 0.482 1.044 -0.312 0.333 0.456 
15.000 0.000 15.000 0.000 1.000 1.510 15.147 0.071 15.497 0.071 1.273 0.000 0.032 0.690 0.690 0.310 0.310 0.065 0.065 -2.749 0.668 2.829 1.382 1.382 1.954 1.510 0.147 1.517 0.071 0.497 0.502 0.071 0.273 0.282 
16.000 0.000 16.000 0.000 1.000 3.918 18.766 1.912 17.706 0.643 1.607 0.056 0.060 0.685 0.685 0.306 0.306 0.064 0.064 -3.776 -1.997 4.272 1.372 1.372 1.941 3.918 2.766 4.796 1.912 1.706 2.563 0.643 0.607 0.884 
17.000 0.000 17.000 0.000 1.000 -0.812 17.072 0.993 18.273 0.197 1.333 0.006 0.026 0.681 0.681 0.305 0.305 0.064 0.064 3.367 2.240 4.045 1.366 1.366 1.932 -0.812 0.072 0.815 0.993 1.273 1.615 0.197 0.333 0.387 
18.000 0.000 18.000 0.000 1.000 -1.926 16.171 -0.246 18.023 -0.259 0.851 -0.039 -0.024 0.679 0.679 0.304 0.304 0.064 0.064 3.116 3.435 4.638 1.362 1.362 1.926 -1.926 -1.829 2.656 -0.246 0.023 0.247 -0.259 -0.149 0.299 
19.000 0.000 19.000 0.000 1.000 -0.891 19.736 -0.682 19.270 -0.355 0.954 -0.044 -0.011 0.678 0.678 0.304 0.304 0.064 0.064 0.386 -0.863 0.945 1.360 1.360 1.923 -0.891 0.736 1.156 -0.682 0.270 0.734 -0.355 -0.046 0.358 
20.000 0.000 20.000 0.000 1.000 -0.794 20.753 -0.926 20.466 -0.363 1.021 -0.039 -0.003 0.677 0.677 0.304 0.304 0.064 0.064 -0.243 -0.530 0.583 1.359 1.359 1.922 -0.794 0.753 1.094 -0.926 0.466 1.036 -0.363 0.021 0.363 
21.000 0.000 21.000 0.000 1.000 1.213 19.185 -0.143 20.432 -0.033 0.678 -0.002 -0.036 0.677 0.677 0.304 0.304 0.064 0.064 -2.501 2.302 3.399 1.358 1.358 1.921 1.213 -1.815 2.183 -0.143 -0.568 0.585 -0.033 -0.322 0.323 
22.000 0.156 21.988 0.156 0.988 1.109 21.185 0.413 21.145 0.155 0.653 0.017 -0.034 0.677 0.677 0.304 0.304 0.064 0.064 -1.284 -0.074 1.287 1.358 1.358 1.921 0.953 -0.803 1.246 0.257 -0.843 0.881 -0.001 -0.335 0.335 
23.000 0.465 22.939 0.309 0.951 0.306 22.597 0.448 22.164 0.133 0.737 0.012 -0.021 0.677 0.677 0.304 0.304 0.064 0.064 0.261 -0.799 0.840 1.358 1.358 1.921 -0.159 -0.342 0.377 -0.017 -0.775 0.775 -0.176 -0.214 0.277 
24.000 0.919 23.830 0.454 0.891 4.045 18.862 0.609 22.868 0.155 0.705 0.013 -0.021 0.915 0.915 0.363 0.363 0.067 0.067 -3.465 4.039 5.322 1.358 1.358 1.921 3.126 -4.968 5.870 -0.310 -0.962 1.011 -0.299 -0.186 0.352 
25.000 1.507 24.639 0.588 0.809 2.410 27.251 1.754 25.785 0.462 1.342 0.040 0.040 0.775 0.775 0.315 0.315 0.064 0.064 -1.646 -3.678 4.029 1.584 1.584 2.240 0.903 2.612 2.764 0.247 1.146 1.172 -0.126 0.533 0.548 
26.000 2.214 25.346 0.707 0.707 1.367 26.248 1.779 26.675 0.373 1.248 0.026 0.026 0.717 0.717 0.304 0.304 0.064 0.064 0.849 0.879 1.222 1.435 1.435 2.029 -0.847 0.902 1.237 -0.435 1.329 1.398 -0.334 0.541 0.636 
27.000 3.023 25.934 0.809 0.588 2.450 26.607 2.294 27.296 0.442 1.084 0.030 0.007 0.690 0.690 0.304 0.304 0.064 0.064 -0.298 1.316 1.350 1.382 1.382 1.955 -0.573 0.673 0.884 -0.729 1.362 1.545 -0.367 0.496 0.617 
28.000 3.914 26.388 0.891 0.454 2.778 26.450 2.755 27.488 0.478 0.812 0.029 -0.020 0.680 0.680 0.306 0.306 0.064 0.064 -0.042 1.930 1.930 1.363 1.363 1.928 -1.136 0.062 1.138 -1.159 1.100 1.598 -0.413 0.358 0.547 
29.000 4.865 26.697 0.951 0.309 5.267 25.785 4.165 27.148 0.805 0.424 0.057 -0.055 0.677 0.677 0.308 0.308 0.064 0.064 -2.034 2.515 3.235 1.358 1.358 1.921 0.402 -0.912 0.997 -0.700 0.451 0.833 -0.146 0.115 0.186 
30.000 5.853 26.853 0.988 0.156 5.777 26.740 5.340 27.191 0.982 0.246 0.067 -0.065 0.677 0.677 0.308 0.308 0.064 0.064 -0.807 0.832 1.159 1.359 1.359 1.921 -0.076 -0.113 0.136 -0.513 0.338 0.614 -0.006 0.090 0.090 
31.000 6.853 26.853 1.000 0.000 6.743 24.839 6.515 26.243 1.111 -0.206 0.071 -0.100 0.678 0.678 0.307 0.307 0.064 0.064 -0.421 2.597 2.631 1.360 1.360 1.923 -0.110 -2.014 2.017 -0.338 -0.610 0.697 0.111 -0.206 0.234 
32.000 7.853 26.853 1.000 0.000 11.939 31.791 7.663 26.086 1.194 -0.290 0.069 -0.095 0.919 0.919 0.366 0.366 0.067 0.067 -4.313 -5.754 7.190 1.361 1.361 1.924 4.086 4.938 6.409 -0.190 -0.767 0.790 0.194 -0.290 0.349 
33.000 8.853 26.853 1.000 0.000 7.807 26.836 8.223 26.424 1.074 -0.198 0.050 -0.075 0.777 0.777 0.316 0.316 0.064 0.064 1.050 -1.040 1.478 1.589 1.589 2.247 -1.046 -0.017 1.046 -0.630 -0.429 0.762 0.074 -0.198 0.211 
34.000 9.853 26.853 1.000 0.000 9.671 27.218 9.490 26.738 1.181 -0.121 0.053 -0.058 0.718 0.718 0.305 0.305 0.064 0.064 -0.375 -0.992 1.060 1.437 1.437 2.032 -0.182 0.365 0.408 -0.363 -0.115 0.381 0.181 -0.121 0.217 
35.000 10.853 26.853 1.000 0.000 10.397 27.954 10.540 27.255 1.194 0.015 0.048 -0.038 0.691 0.691 0.304 0.304 0.064 0.064 0.273 -1.337 1.365 1.384 1.384 1.957 -0.456 1.101 1.192 -0.313 0.402 0.510 0.194 0.015 0.195 
36.000 11.853 26.853 1.000 0.000 12.352 27.417 12.020 27.338 1.331 -0.002 0.055 -0.035 0.680 0.680 0.306 0.306 0.064 0.064 -0.618 -0.147 0.635 1.364 1.364 1.929 0.499 0.564 0.753 0.167 0.485 0.513 0.331 -0.002 0.331 
37.000 12.853 26.853 1.000 0.000 12.589 28.074 13.002 27.674 1.274 0.071 0.042 -0.023 0.677 0.677 0.308 0.308 0.064 0.064 0.762 -0.738 1.061 1.359 1.359 1.921 -0.264 1.221 1.249 0.149 0.821 0.835 0.274 0.071 0.284 
38.000 13.853 26.853 1.000 0.000 14.310 27.960 14.292 27.844 1.322 0.080 0.041 -0.019 0.677 0.677 0.308 0.308 0.064 0.064 -0.034 -0.214 0.217 1.359 1.359 1.922 0.457 1.107 1.198 0.439 0.991 1.084 0.322 0.080 0.331 
39.000 14.853 26.853 1.000 0.000 12.387 24.827 14.131 26.501 0.882 -0.401 -0.007 -0.063 0.678 0.678 0.307 0.307 0.064 0.064 3.226 3.097 4.472 1.360 1.360 1.923 -2.466 -2.026 3.192 -0.722 -0.352 0.803 -0.118 -0.401 0.418 
40.000 15.853 26.853 1.000 0.000 16.360 16.867 15.025 26.023 0.879 -0.489 -0.006 -0.064 0.919 0.919 0.366 0.366 0.067 0.067 -1.346 9.234 9.331 1.361 1.361 1.924 0.507 -9.986 9.999 -0.828 -0.830 1.173 -0.121 -0.489 0.504 
41.000 16.853 26.853 1.000 0.000 18.567 27.281 17.512 26.589 1.354 -0.238 0.038 -0.033 0.777 0.777 0.316 0.316 0.064 0.064 -2.663 -1.747 3.185 1.589 1.589 2.247 1.714 0.428 1.767 0.659 -0.264 0.710 0.354 -0.238 0.426 
42.000 17.853 26.853 1.000 0.000 17.204 27.692 18.009 27.043 1.138 -0.065 0.014 -0.013 0.718 0.718 0.305 0.305 0.064 0.064 1.662 -1.341 2.135 1.437 1.437 2.032 -0.649 0.839 1.061 0.156 0.190 0.246 0.138 -0.065 0.152 
43.000 18.853 26.853 1.000 0.000 17.924 26.501 18.563 26.750 0.974 -0.147 -0.004 -0.019 0.691 0.691 0.304 0.304 0.064 0.064 1.223 0.477 1.312 1.384 1.384 1.957 -0.929 -0.352 0.993 -0.290 -0.103 0.308 -0.026 -0.147 0.149 
44.000 19.853 26.853 1.000 0.000 20.773 27.993 20.109 27.246 1.150 0.036 0.014 0.001 0.680 0.680 0.306 0.306 0.064 0.064 -1.236 -1.390 1.860 1.364 1.364 1.929 0.920 1.140 1.465 0.256 0.393 0.469 0.150 0.036 0.154 
45.000 20.853 26.853 1.000 0.000 18.797 26.605 20.130 26.972 0.802 -0.062 -0.022 -0.008 0.677 0.677 0.308 0.308 0.064 0.064 2.461 0.677 2.552 1.359 1.359 1.921 -2.056 -0.248 2.071 -0.723 0.119 0.733 -0.198 -0.062 0.207 
46.000 21.853 26.853 1.000 0.000 22.267 28.117 21.544 27.463 0.979 0.108 -0.002 0.009 0.677 0.677 0.308 0.308 0.064 0.064 -1.334 -1.207 1.800 1.359 1.359 1.922 0.414 1.264 1.330 -0.309 0.610 0.684 -0.021 0.108 0.111 
47.000 22.841 26.697 0.988 -0.156 24.035 26.047 23.217 26.871 1.202 -0.109 0.020 -0.013 0.678 0.678 0.307 0.307 0.064 0.064 -1.512 1.524 2.147 1.360 1.360 1.923 1.194 -0.650 1.359 0.376 0.174 0.415 0.214 0.047 0.219 
48.000 23.792 26.388 0.951 -0.309 22.755 28.338 23.654 27.487 0.974 0.112 -0.004 0.010 0.678 0.678 0.306 0.306 0.064 0.064 1.665 -1.576 2.292 1.361 1.361 1.924 -1.037 1.950 2.209 -0.138 1.099 1.107 0.023 0.421 0.422 
49.000 24.683 25.934 0.891 -0.454 24.544 26.502 24.590 27.095 0.957 -0.041 -0.006 -0.006 0.678 0.678 0.305 0.305 0.064 0.064 0.084 1.097 1.100 1.361 1.361 1.924 -0.139 0.568 0.585 -0.093 1.161 1.164 0.066 0.413 0.419 
50.000 25.492 25.346 0.809 -0.588 24.378 24.798 25.010 26.018 0.779 -0.380 -0.022 -0.038 0.678 0.678 0.304 0.304 0.064 0.064 1.169 2.256 2.541 1.360 1.360 1.923 -1.114 -0.548 1.241 -0.482 0.672 0.827 -0.030 0.208 0.210 
51.000 26.199 24.639 0.707 -0.707 26.380 24.602 26.060 25.162 0.844 -0.571 -0.013 -0.051 0.677 0.677 0.304 0.304 0.064 0.064 -0.591 1.035 1.192 1.359 1.359 1.923 0.181 -0.037 0.185 -0.139 0.523 0.541 0.137 0.136 0.193 
52.000 26.787 23.830 0.588 -0.809 25.328 24.087 26.182 24.360 0.599 -0.697 -0.035 -0.057 0.677 0.677 0.304 0.304 0.064 0.064 1.576 0.504 1.655 1.359 1.359 1.922 -1.459 0.257 1.481 -0.605 0.530 0.805 0.011 0.112 0.112 
53.000 27.241 22.939 0.454 -0.891 26.748 22.217 26.766 23.000 0.559 -0.967 -0.034 -0.076 0.677 0.677 0.304 0.304 0.064 0.064 0.032 1.446 1.446 1.358 1.358 1.921 -0.493 -0.722 0.874 -0.475 0.061 0.479 0.105 -0.076 0.130 
54.000 27.550 21.988 0.309 -0.951 28.671 21.890 27.941 21.968 0.723 -1.064 -0.014 -0.075 0.677 0.677 0.304 0.304 0.064 0.064 -1.346 0.143 1.354 1.358 1.358 1.921 1.121 -0.098 1.125 0.391 -0.020 0.392 0.414 -0.113 0.429 
55.000 27.706 21.000 0.156 -0.988 27.413 20.288 28.091 20.622 0.525 -1.230 -0.031 -0.081 0.677 0.677 0.304 0.304 0.064 0.064 1.251 0.616 1.395 1.358 1.358 1.921 -0.293 -0.712 0.770 0.385 -0.378 0.540 0.369 -0.242 0.441 
56.000 27.706 20.000 0.000 -1.000 15.755 13.500 28.509 19.343 0.459 -1.327 -0.034 -0.080 0.915 0.915 0.363 0.363 0.067 0.067 12.861 5.892 14.147 1.358 1.358 1.921 -11.951 -6.500 13.604 0.803 -0.657 1.037 0.459 -0.327 0.564 
57.000 27.706 19.000 0.000 -1.000 28.032 19.897 28.405 19.147 0.258 -1.071 -0.048 -0.047 0.775 0.775 0.315 0.315 0.064 0.064 0.936 -1.881 2.101 1.584 1.584 2.240 0.326 0.897 0.954 0.699 0.147 0.714 0.258 -0.071 0.268 
58.000 27.706 18.000 0.000 -1.000 27.323 17.636 27.974 17.850 0.006 -1.184 -0.065 -0.051 0.717 0.717 0.304 0.304 0.064 0.064 1.340 0.440 1.411 1.435 1.435 2.029 -0.383 -0.364 0.528 0.268 -0.150 0.307 0.006 -0.184 0.184 
59.000 27.706 17.000 0.000 -1.000 28.642 18.093 28.296 17.346 0.037 -1.029 -0.054 -0.030 0.690 0.690 0.304 0.304 0.064 0.064 -0.662 -1.427 1.573 1.382 1.382 1.955 0.936 1.093 1.439 0.590 0.346 0.684 0.037 -0.029 0.047 
60.000 27.706 16.000 0.000 -1.000 27.236 13.214 27.826 14.884 -0.176 -1.508 -0.067 -0.072 0.680 0.680 0.306 0.306 0.064 0.064 1.097 3.104 3.292 1.363 1.363 1.928 -0.470 -2.786 2.825 0.120 -1.116 1.123 -0.176 -0.508 0.537 
61.000 27.706 15.000 0.000 -1.000 29.309 16.462 28.410 14.790 0.000 -1.127 -0.042 -0.026 0.677 0.677 0.308 0.308 0.064 0.064 -1.659 -3.086 3.504 1.358 1.358 1.921 1.603 1.462 2.170 0.704 -0.210 0.735 0.000 -0.127 0.127 
62.000 27.706 14.000 0.000 -1.000 27.315 12.685 27.908 13.214 -0.204 -1.298 -0.056 -0.039 0.677 0.677 0.308 0.308 0.064 0.064 1.095 0.977 1.468 1.359 1.359 1.921 -0.391 -1.315 1.372 0.202 -0.786 0.811 -0.204 -0.298 0.361 
63.000 27.706 13.000 0.000 -1.000 28.197 13.649 27.931 12.712 -0.186 -1.079 -0.047 -0.013 0.678 0.678 0.307 0.307 0.064 0.064 -0.493 -1.733 1.801 1.360 1.360 1.923 0.491 0.649 0.814 0.225 -0.288 0.365 -0.186 -0.079 0.203 
64.000 27.706 12.000 0.000 -1.000 30.799 18.608 27.770 11.692 -0.225 -1.073 -0.045 -0.011 0.919 0.919 0.366 0.366 0.067 0.067 -3.055 -6.975 7.614 1.361 1.361 1.924 3.093 6.608 7.296 0.064 -0.308 0.314 -0.225 -0.073 0.237 
65.000 27.706 11.000 0.000 -1.000 28.777 11.139 28.289 10.933 -0.047 -0.989 -0.023 -0.002 0.777 0.777 0.316 0.316 0.064 0.064 -1.232 -0.520 1.337 1.589 1.589 2.247 1.071 0.139 1.080 0.583 -0.067 0.587 -0.047 0.011 0.049 
66.000 27.706 10.000 0.000 -1.000 28.580 8.976 28.416 9.445 -0.018 -1.139 -0.017 -0.015 0.718 0.718 0.305 0.305 0.064 0.064 -0.338 0.968 1.025 1.437 1.437 2.032 0.874 -1.024 1.346 0.710 -0.555 0.901 -0.018 -0.139 0.140 
67.000 27.706 9.000 0.000 -1.000 29.650 8.525 28.996 8.410 0.146 -1.122 0.001 -0.012 0.691 0.691 0.304 0.304 0.064 0.064 -1.252 -0.219 1.271 1.384 1.384 1.957 1.944 -0.475 2.001 1.290 -0.590 1.418 0.146 -0.122 0.191 
68.000 27.706 8.000 0.000 -1.000 24.750 8.668 27.111 7.926 -0.489 -0.934 -0.060 0.008 0.680 0.680 0.306 0.306 0.064 0.064 4.392 -1.380 4.604 1.364 1.364 1.929 -2.956 0.668 3.031 -0.595 -0.074 0.600 -0.489 0.066 0.494 
69.000 27.706 7.000 0.000 -1.000 26.251 7.666 26.452 7.301 -0.604 -0.827 -0.064 0.017 0.677 0.677 0.308 0.308 0.064 0.064 0.370 -0.674 0.769 1.359 1.359 1.921 -1.455 0.666 1.600 -1.254 0.301 1.290 -0.604 0.173 0.628 
70.000 27.706 6.000 0.000 -1.000 27.522 5.152 26.615 5.868 -0.419 -1.006 -0.037 -0.002 0.677 0.677 0.308 0.308 0.064 0.064 -1.674 1.322 2.133 1.359 1.359 1.922 -0.184 -0.848 0.868 -1.091 -0.132 1.099 -0.419 -0.006 0.419 
71.000 27.706 5.000 0.000 -1.000 28.622 5.652 27.310 5.225 -0.095 -0.891 -0.001 0.009 0.678 0.678 0.307 0.307 0.064 0.064 -2.426 -0.790 2.552 1.360 1.360 1.923 0.916 0.652 1.124 -0.396 0.225 0.455 -0.095 0.109 0.145 
72.000 27.550 4.012 -0.156 -0.988 23.765 1.491 25.628 3.027 -0.611 -1.305 -0.051 -0.032 0.678 0.678 0.306 0.306 0.064 0.064 3.450 2.843 4.470 1.361 1.361 1.924 -3.785 -2.521 4.548 -1.922 -0.985 2.160 -0.455 -0.317 0.554 
73.000 27.241 3.061 -0.309 -0.951 28.273 2.867 26.515 2.248 -0.178 -1.167 -0.002 -0.015 0.678 0.678 0.305 0.305 0.064 0.064 -3.255 -1.146 3.451 1.361 1.361 1.924 1.032 -0.194 1.050 -0.726 -0.813 1.090 0.131 -0.216 0.253 
74.000 26.787 2.170 -0.454 -0.891 27.491 1.341 26.867 1.201 -0.009 -1.143 0.014 -0.010 0.678 0.678 0.304 0.304 0.064 0.064 -1.154 -0.260 1.183 1.360 1.360 1.923 0.704 -0.829 1.088 0.080 -0.969 0.973 0.445 -0.252 0.511 
75.000 26.199 1.361 -0.588 -0.809 25.366 0.865 26.173 0.428 -0.216 -1.034 -0.008 0.001 0.677 0.677 0.304 0.304 0.064 0.064 1.492 -0.808 1.696 1.359 1.359 1.923 -0.833 -0.496 0.969 -0.026 -0.933 0.933 0.372 -0.225 0.435 
76.000 25.492 0.654 -0.707 -0.707 24.986 0.696 25.512 -0.009 -0.366 -0.841 -0.021 0.020 0.677 0.677 0.304 0.304 0.064 0.064 0.972 -1.303 1.625 1.359 1.359 1.922 -0.506 0.042 0.508 0.020 -0.663 0.664 0.341 -0.134 0.366 
77.000 24.683 0.066 -0.809 -0.588 25.717 -1.467 25.407 -1.133 -0.304 -0.912 -0.012 0.010 0.677 0.677 0.304 0.304 0.064 0.064 -0.571 0.617 0.841 1.358 1.358 1.921 1.034 -1.533 1.849 0.724 -1.199 1.401 0.505 -0.324 0.600 
78.000 23.792 -0.388 -0.891 -0.454 23.725 0.219 24.472 -1.008 -0.519 -0.568 -0.032 0.042 0.677 0.677 0.304 0.304 0.064 0.064 1.379 -2.264 2.651 1.358 1.358 1.921 -0.067 0.607 0.611 0.680 -0.620 0.921 0.372 -0.114 0.389 
79.000 22.841 -0.697 -0.951 -0.309 22.994 -0.115 23.514 -0.907 -0.692 -0.310 -0.044 0.062 0.677 0.677 0.304 0.304 0.064 0.064 0.959 -1.461 1.748 1.358 1.358 1.921 0.153 0.582 0.602 0.673 -0.210 0.705 0.259 -0.001 0.259 
80.000 21.853 -0.853 -0.988 -0.156 24.760 -3.943 23.710 -2.466 -0.451 -0.650 -0.015 0.021 0.677 0.677 0.304 0.304 0.064 0.064 -1.938 2.725 3.344 1.358 1.358 1.921 2.907 -3.090 4.242 1.857 -1.613 2.459 0.537 -0.494 0.730 
81.000 20.853 -0.853 -1.000 0.000 19.755 1.569 23.229 -3.076 -0.475 -0.617 -0.016 0.021 0.915 0.915 0.363 0.363 0.067 0.067 3.504 -4.685 5.850 1.358 1.358 1.921 -1.098 2.422 2.659 2.376 -2.223 3.254 0.525 -0.617 0.810 
82.000 19.853 -0.853 -1.000 0.000 21.078 0.186 21.746 -1.361 -0.791 0.099 -0.043 0.085 0.775 0.775 0.315 0.315 0.064 0.064 1.676 -3.879 4.226 1.584 1.584 2.240 1.225 1.039 1.606 1.893 -0.508 1.960 0.209 0.099 0.231 
83.000 18.853 -0.853 -1.000 0.000 20.188 -0.164 20.561 -0.697 -0.950 0.351 -0.052 0.097 0.717 0.717 0.304 0.304 0.064 0.064 0.768 -1.098 1.339 1.435 1.435 2.029 1.335 0.689 1.502 1.708 0.156 1.715 0.050 0.351 0.354 
84.000 17.853 -0.853 -1.000 0.000 17.900 -2.238 18.795 -1.248 -1.250 0.174 -0.074 0.068 0.690 0.690 0.304 0.304 0.064 0.064 1.711 1.892 2.550 1.382 1.382 1.955 0.047 -1.385 1.386 0.942 -0.395 1.022 -0.250 0.174 0.305 
85.000 16.853 -0.853 -1.000 0.000 19.082 -1.141 18.255 -1.105 -1.101 0.233 -0.050 0.065 0.680 0.680 0.306 0.306 0.064 0.064 -1.537 0.067 1.538 1.363 1.363 1.928 2.229 -0.288 2.248 1.402 -0.252 1.425 -0.101 0.233 0.254 
86.000 15.853 -0.853 -1.000 0.000 12.468 -1.637 15.007 -1.223 -1.838 0.186 -0.115 0.052 0.677 0.677 0.308 0.308 0.064 0.064 4.686 0.765 4.748 1.358 1.358 1.921 -3.385 -0.784 3.475 -0.846 -0.370 0.923 -0.838 0.186 0.859 
87.000 14.853 -0.853 -1.000 0.000 14.101 -1.133 13.596 -1.081 -1.815 0.224 -0.098 0.049 0.677 0.677 0.308 0.308 0.064 0.064 -0.932 0.096 0.937 1.359 1.359 1.921 -0.752 -0.280 0.802 -1.257 -0.228 1.277 -0.815 0.224 0.845 
88.000 13.853 -0.853 -1.000 0.000 14.448 -1.825 13.006 -1.302 -1.515 0.128 -0.056 0.033 0.678 0.678 0.307 0.307 0.064 0.064 -2.667 0.968 2.837 1.360 1.360 1.923 0.595 -0.972 1.140 -0.847 -0.449 0.958 -0.515 0.128 0.531 
89.000 12.853 -0.853 -1.000 0.000 12.093 -0.565 11.768 -0.894 -1.481 0.252 -0.045 0.041 0.678 0.678 0.306 0.306 0.064 0.064 -0.602 -0.608 0.856 1.361 1.361 1.924 -0.760 0.288 0.813 -1.085 -0.041 1.086 -0.481 0.252 0.543 
90.000 11.853 -0.853 -1.000 0.000 12.546 -1.795 11.326 -1.172 -1.191 0.122 -0.011 0.023 0.678 0.678 0.305 0.305 0.064 0.064 -2.259 1.154 2.537 1.361 1.361 1.924 0.693 -0.942 1.169 -0.527 -0.319 0.616 -0.191 0.122 0.227 
91.000 10.853 -0.853 -1.000 0.000 11.243 -0.158 10.644 -0.640 -1.038 0.277 0.005 0.035 0.678 0.678 0.304 0.304 0.064 0.064 -1.108 -0.892 1.423 1.360 1.360 1.923 0.390 0.695 0.797 -0.209 0.213 0.299 -0.038 0.277 0.280 
92.000 9.853 -0.853 -1.000 0.000 9.514 0.580 9.563 0.070 -1.047 0.451 0.003 0.047 0.677 0.677 0.304 0.304 0.064 0.064 0.091 -0.943 0.947 1.359 1.359 1.922 -0.339 1.433 1.473 -0.290 0.923 0.967 -0.047 0.451 0.454 
93.000 8.853 -0.853 -1.000 0.000 9.391 -0.133 8.917 0.221 -0.915 0.402 0.016 0.036 0.677 0.677 0.304 0.304 0.064 0.064 -0.875 0.654 1.092 1.359 1.359 1.922 0.538 0.720 0.899 0.064 1.074 1.076 0.085 0.402 0.411 
94.000 7.853 -0.853 -1.000 0.000 8.459 1.186 8.212 0.881 -0.832 0.522 0.022 0.043 0.677 0.677 0.304 0.304 0.064 0.064 -0.457 -0.562 0.724 1.358 1.358 1.921 0.606 2.039 2.127 0.359 1.734 1.771 0.168 0.522 0.548 
95.000 6.853 -0.853 -1.000 0.000 8.628 -1.333 7.951 0.150 -0.626 0.162 0.039 0.003 0.677 0.677 0.304 0.304 0.064 0.064 -1.248 2.736 3.007 1.358 1.358 1.921 1.775 -0.480 1.839 1.098 1.003 1.487 0.374 0.162 0.407 
96.000 5.853 -0.853 -1.000 0.000 -6.754 -4.563 7.207 0.271 -0.626 0.152 0.034 0.001 0.915 0.915 0.363 0.363 0.067 0.067 14.079 4.875 14.899 1.358 1.358 1.921 -12.607 -3.710 13.142 1.354 1.124 1.760 0.374 0.152 0.404 
97.000 4.853 -0.853 -1.000 0.000 5.233 -0.260 5.771 0.012 -0.833 0.031 0.010 -0.010 0.775 0.775 0.315 0.315 0.064 0.064 1.348 0.683 1.511 1.584 1.584 2.240 0.380 0.593 0.704 0.918 0.865 1.261 0.167 0.031 0.170 
98.000 3.853 -0.853 -1.000 0.000 4.550 -1.337 4.738 -0.666 -0.882 -0.189 0.005 -0.029 0.717 0.717 0.304 0.304 0.064 0.064 0.388 1.380 1.434 1.435 1.435 2.029 0.697 -0.484 0.849 0.885 0.187 0.905 0.118 -0.189 0.223 
99.000 2.853 -0.853 -1.000 0.000 2.739 -2.660 3.324 -1.716 -1.039 -0.479 -0.011 -0.053 0.690 0.690 0.304 0.304 0.064 0.064 1.118 1.805 2.123 1.382 1.382 1.955 -0.114 -1.807 1.811 0.471 -0.863 0.983 -0.039 -0.479 0.481 
