0.000 0.000 0.000 0.000 0.000 -1.392 0.204 -1.390 0.204 -0.014 0.002 0.000 0.000 0.999 0.999 3.147 3.147 0.673 0.673 1.392 -0.204 1.407 30.163 30.163 42.657 -1.392 0.204 1.407 -1.390 0.204 1.405 -0.014 0.002 0.014 
1.000 0.000 1.000 0.000 1.000 -1.045 3.279 -1.075 3.021 0.305 2.731 0.013 0.115 0.957 0.957 1.517 1.517 0.435 0.435 -0.359 -3.073 3.094 3.453 3.453 4.883 -1.045 2.279 2.507 -1.075 2.021 2.289 0.305 1.731 1.757 
2.000 0.000 2.000 0.000 1.000 -0.858 2.385 -0.843 2.947 0.266 0.830 0.005 -0.071 0.913 0.913 1.032 1.032 0.278 0.278 0.088 3.367 3.368 2.448 2.448 3.462 -0.858 0.385 0.940 -0.843 0.947 1.268 0.266 -0.170 0.316 
3.000 0.000 3.000 0.000 1.000 -1.099 2.683 -0.972 2.950 0.026 0.246 -0.018 -0.092 0.869 0.869 0.818 0.818 0.178 0.178 0.522 1.094 1.212 2.024 2.024 2.862 -1.099 -0.317 1.144 -0.972 -0.050 0.973 0.026 -0.754 0.754 
4.000 0.000 4.000 0.000 1.000 0.538 4.152 0.097 3.868 0.582 0.523 0.034 -0.032 0.838 0.838 0.663 0.663 0.124 0.124 -1.483 -0.956 1.765 1.834 1.834 2.594 0.538 0.152 0.559 0.097 -0.132 0.164 0.582 -0.477 0.752 
5.000 0.000 5.000 0.000 1.000 -1.065 4.564 -0.467 4.505 0.063 0.546 -0.014 -0.018 0.811 0.811 0.543 0.543 0.100 0.100 1.744 -0.173 1.752 1.707 1.707 2.415 -1.065 -0.436 1.151 -0.467 -0.495 0.681 0.063 -0.454 0.458 
6.000 0.000 6.000 0.000 1.000 -1.011 4.570 -0.776 4.756 -0.109 0.404 -0.018 -0.019 0.783 0.783 0.458 0.458 0.091 0.091 0.608 0.481 0.775 1.608 1.608 2.274 -1.011 -1.430 1.751 -0.776 -1.244 1.466 -0.109 -0.596 0.606 
7.000 0.000 7.000 0.000 1.000 -0.157 9.360 -0.468 7.567 0.032 1.304 -0.004 0.033 0.757 0.757 0.403 0.403 0.089 0.089 -0.728 -4.200 4.263 1.531 1.531 2.164 -0.157 2.360 2.365 -0.468 0.567 0.735 0.032 0.304 0.305 
8.000 0.000 8.000 0.000 1.000 -1.584 6.504 -1.055 7.593 -0.192 0.883 -0.013 0.000 0.735 0.735 0.373 0.373 0.088 0.088 1.149 2.366 2.631 1.474 1.474 2.085 -1.584 -1.496 2.179 -1.055 -0.407 1.131 -0.192 -0.117 0.225 
9.000 0.000 9.000 0.000 1.000 0.799 8.386 -0.193 8.430 0.154 0.868 0.009 -0.001 0.718 0.718 0.358 0.358 0.088 0.088 -2.046 0.090 2.048 1.436 1.436 2.031 0.799 -0.614 1.008 -0.193 -0.570 0.602 0.154 -0.132 0.203 
10.000 0.000 10.000 0.000 1.000 -1.208 9.839 -0.622 9.567 -0.033 0.958 -0.004 0.004 0.706 0.706 0.352 0.352 0.088 0.088 1.169 -0.542 1.288 1.412 1.412 1.997 -1.208 -0.161 1.219 -0.622 -0.433 0.758 -0.033 -0.042 0.054 
11.000 0.000 11.000 0.000 1.000 0.785 9.523 0.049 10.035 0.200 0.797 0.010 -0.006 0.699 0.699 0.350 0.350 0.088 0.088 -1.440 1.002 1.755 1.399 1.399 1.979 0.785 -1.477 1.673 0.049 -0.965 0.966 0.200 -0.203 0.285 
12.000 0.000 12.000 0.000 1.000 1.226 12.342 0.723 11.564 0.369 1.039 0.015 0.009 0.696 0.696 0.350 0.350 0.088 0.088 -0.977 -1.510 1.798 1.393 1.393 1.970 1.226 0.342 1.273 0.723 -0.436 0.844 0.369 0.039 0.371 
13.000 0.000 13.000 0.000 1.000 -0.880 13.535 0.139 13.053 0.061 1.201 -0.007 0.015 0.695 0.695 0.350 0.350 0.088 0.088 1.972 -0.932 2.181 1.391 1.391 1.967 -0.880 0.535 1.030 0.139 0.053 0.149 0.061 0.201 0.210 
14.000 0.000 14.000 0.000 1.000 -2.088 14.557 -0.904 14.400 -0.321 1.265 -0.025 0.012 0.695 0.695 0.349 0.349 0.088 0.088 2.289 -0.303 2.309 1.390 1.390 1.966 -2.088 0.557 2.161 -0.904 0.400 0.988 -0.321 0.265 0.417 
15.000 0.000 15.000 0.000 1.000 1.510 15.147 0.095 15.415 0.102 1.193 0.007 0.004 0.695 0.695 0.349 0.349 0.088 0.088 -2.735 0.518 2.784 1.390 1.390 1.966 1.510 0.147 1.517 0.095 0.415 0.426 0.102 0.193 0.218 
16.000 0.000 16.000 0.000 1.000 3.918 18.766 1.992 17.649 0.719 1.550 0.038 0.022 0.695 0.695 0.349 0.349 0.088 0.088 -3.722 -2.158 4.302 1.390 1.390 1.966 3.918 2.766 4.796 1.992 1.649 2.586 0.719 0.550 0.905 
17.000 0.000 17.000 0.000 1.000 -0.812 17.072 1.012 18.173 0.180 1.223 -0.006 -0.005 0.694 0.694 0.348 0.348 0.088 0.088 3.523 2.127 4.115 1.390 1.390 1.966 -0.812 0.072 0.815 1.012 1.173 1.549 0.180 0.223 0.287 
18.000 0.000 18.000 0.000 1.000 -1.926 16.171 -0.311 17.841 -0.336 0.691 -0.032 -0.032 0.694 0.694 0.348 0.348 0.088 0.088 3.118 3.225 4.486 1.390 1.390 1.965 -1.926 -1.829 2.656 -0.311 -0.159 0.350 -0.336 -0.309 0.456 
19.000 0.000 19.000 0.000 1.000 -0.891 19.736 -0.765 19.112 -0.408 0.856 -0.023 -0.010 0.694 0.694 0.348 0.348 0.088 0.088 0.244 -1.204 1.228 1.390 1.390 1.965 -0.891 0.736 1.156 -0.765 0.112 0.773 -0.408 -0.144 0.432 
20.000 0.000 20.000 0.000 1.000 -0.794 20.753 -0.990 20.347 -0.369 0.974 -0.012 0.000 0.694 0.694 0.348 0.348 0.088 0.088 -0.378 -0.784 0.871 1.389 1.389 1.965 -0.794 0.753 1.094 -0.990 0.347 1.049 -0.369 -0.026 0.370 
21.000 0.000 21.000 0.000 1.000 1.213 19.185 -0.119 20.291 0.039 0.625 0.015 -0.019 0.694 0.694 0.348 0.348 0.088 0.088 -2.572 2.136 3.343 1.389 1.389 1.965 1.213 -1.815 2.183 -0.119 -0.709 0.719 0.039 -0.375 0.377 
22.000 0.156 21.988 0.156 0.988 1.109 21.185 0.493 21.046 0.249 0.650 0.021 -0.010 0.694 0.694 0.348 0.348 0.088 0.088 -1.189 -0.269 1.219 1.389 1.389 1.965 0.953 -0.803 1.246 0.337 -0.942 1.001 0.093 -0.338 0.351 
23.000 0.465 22.939 0.309 0.951 0.306 22.597 0.532 22.130 0.198 0.787 0.010 0.001 0.694 0.694 0.348 0.348 0.088 0.088 0.436 -0.902 1.002 1.389 1.389 1.965 -0.159 -0.342 0.377 0.067 -0.809 0.812 -0.111 -0.164 0.198 
24.000 0.919 23.830 0.454 0.891 4.045 18.862 0.760 22.879 0.218 0.775 0.007 0.000 0.960 0.960 0.415 0.415 0.089 0.089 -3.315 4.055 5.237 1.389 1.389 1.965 3.126 -4.968 5.870 -0.159 -0.951 0.964 -0.236 -0.116 0.263 
25.000 1.507 24.639 0.588 0.809 2.410 27.251 1.884 25.929 0.502 1.472 0.018 0.033 0.795 0.795 0.357 0.357 0.088 0.088 -1.432 -3.596 3.871 1.649 1.649 2.332 0.903 2.612 2.764 0.377 1.290 1.343 -0.086 0.663 0.668 
26.000 2.214 25.346 0.707 0.707 1.367 26.248 1.842 26.785 0.353 1.316 0.004 0.012 0.731 0.731 0.348 0.348 0.088 0.088 1.019 1.152 1.538 1.465 1.465 2.072 -0.847 0.902 1.237 -0.372 1.439 1.486 -0.354 0.609 0.704 
27.000 3.023 25.934 0.809 0.588 2.450 26.607 2.321 27.360 0.397 1.091 0.005 -0.004 0.704 0.704 0.350 0.350 0.088 0.088 -0.255 1.493 1.515 1.408 1.408 1.992 -0.573 0.673 0.884 -0.702 1.426 1.589 -0.412 0.503 0.650 
28.000 3.914 26.388 0.891 0.454 2.778 26.450 2.747 27.483 0.411 0.764 0.004 -0.020 0.695 0.695 0.353 0.353 0.088 0.088 -0.059 2.000 2.001 1.392 1.392 1.968 -1.136 0.062 1.138 -1.167 1.095 1.600 -0.480 0.310 0.571 
29.000 4.865 26.697 0.951 0.309 5.267 25.785 4.175 27.060 0.761 0.339 0.021 -0.036 0.694 0.694 0.353 0.353 0.088 0.088 -2.108 2.462 3.241 1.389 1.389 1.965 0.402 -0.912 0.997 -0.690 0.363 0.780 -0.190 0.030 0.193 
30.000 5.853 26.853 0.988 0.156 5.777 26.740 5.342 27.081 0.921 0.195 0.022 -0.030 0.695 0.695 0.352 0.352 0.088 0.088 -0.841 0.659 1.069 1.391 1.391 1.967 -0.076 -0.113 0.136 -0.511 0.228 0.559 -0.067 0.039 0.077 
31.000 6.853 26.853 1.000 0.000 6.743 24.839 6.495 26.097 1.022 -0.237 0.019 -0.042 0.696 0.696 0.350 0.350 0.088 0.088 -0.480 2.436 2.483 1.392 1.392 1.968 -0.110 -2.014 2.017 -0.358 -0.756 0.837 0.022 -0.237 0.238 
32.000 7.853 26.853 1.000 0.000 11.939 31.791 7.558 25.914 1.055 -0.260 0.013 -0.027 0.963 0.963 0.416 0.416 0.089 0.089 -4.422 -5.932 7.399 1.392 1.392 1.968 4.086 4.938 6.409 -0.295 -0.939 0.984 0.055 -0.260 0.266 
33.000 8.853 26.853 1.000 0.000 7.807 26.836 8.102 26.403 0.911 -0.057 0.002 -0.007 0.796 0.796 0.357 0.357 0.088 0.088 0.806 -1.182 1.431 1.653 1.653 2.338 -1.046 -0.017 1.046 -0.751 -0.450 0.875 -0.089 -0.057 0.106 
34.000 9.853 26.853 1.000 0.000 9.671 27.218 9.365 26.812 1.021 0.078 0.006 0.002 0.731 0.731 0.348 0.348 0.088 0.088 -0.658 -0.872 1.092 1.466 1.466 2.074 -0.182 0.365 0.408 -0.488 -0.041 0.490 0.021 0.078 0.081 
35.000 10.853 26.853 1.000 0.000 10.397 27.954 10.391 27.418 1.029 0.250 0.004 0.010 0.704 0.704 0.350 0.350 0.088 0.088 -0.011 -1.063 1.063 1.409 1.409 1.992 -0.456 1.101 1.192 -0.462 0.565 0.730 0.029 0.250 0.251 
36.000 11.853 26.853 1.000 0.000 12.352 27.417 11.871 27.546 1.184 0.220 0.011 0.005 0.695 0.695 0.353 0.353 0.088 0.088 -0.931 0.251 0.965 1.392 1.392 1.968 0.499 0.564 0.753 0.018 0.693 0.694 0.184 0.220 0.286 
37.000 12.853 26.853 1.000 0.000 12.589 28.074 12.830 27.914 1.118 0.275 0.003 0.006 0.694 0.694 0.353 0.353 0.088 0.088 0.466 -0.308 0.558 1.389 1.389 1.965 -0.264 1.221 1.249 -0.023 1.061 1.062 0.118 0.275 0.299 
38.000 13.853 26.853 1.000 0.000 14.310 27.960 14.123 28.079 1.181 0.243 0.005 0.002 0.695 0.695 0.352 0.352 0.088 0.088 -0.362 0.229 0.428 1.391 1.391 1.967 0.457 1.107 1.198 0.270 1.226 1.255 0.181 0.243 0.303 
39.000 14.853 26.853 1.000 0.000 12.387 24.827 13.893 26.631 0.705 -0.332 -0.023 -0.030 0.696 0.696 0.350 0.350 0.088 0.088 2.917 3.494 4.552 1.392 1.392 1.968 -2.466 -2.026 3.192 -0.960 -0.222 0.986 -0.295 -0.332 0.445 
40.000 15.853 26.853 1.000 0.000 16.360 16.867 14.614 26.211 0.688 -0.392 -0.015 -0.022 0.963 0.963 0.416 0.416 0.089 0.089 -1.762 9.431 9.594 1.392 1.392 1.968 0.507 -9.986 9.999 -1.239 -0.642 1.396 -0.312 -0.392 0.501 
41.000 16.853 26.853 1.000 0.000 18.567 27.281 17.372 26.746 1.307 -0.130 0.020 -0.001 0.796 0.796 0.357 0.357 0.088 0.088 -3.265 -1.463 3.578 1.653 1.653 2.338 1.714 0.428 1.767 0.519 -0.107 0.530 0.307 -0.130 0.334 
42.000 17.853 26.853 1.000 0.000 17.204 27.692 17.890 27.192 1.085 0.046 0.001 0.008 0.731 0.731 0.348 0.348 0.088 0.088 1.476 -1.076 1.826 1.466 1.466 2.074 -0.649 0.839 1.061 0.037 0.339 0.341 0.085 0.046 0.096 
43.000 18.853 26.853 1.000 0.000 17.924 26.501 18.454 26.872 0.919 -0.064 -0.008 -0.001 0.704 0.704 0.350 0.350 0.088 0.088 1.051 0.736 1.283 1.409 1.409 1.992 -0.929 -0.352 0.993 -0.399 0.019 0.400 -0.081 -0.064 0.103 
44.000 19.853 26.853 1.000 0.000 20.773 27.993 20.050 27.381 1.137 0.126 0.007 0.010 0.695 0.695 0.353 0.353 0.088 0.088 -1.400 -1.185 1.834 1.392 1.392 1.968 0.920 1.140 1.465 0.197 0.528 0.564 0.137 0.126 0.186 
45.000 20.853 26.853 1.000 0.000 18.797 26.605 20.035 27.073 0.752 -0.012 -0.017 -0.002 0.694 0.694 0.353 0.353 0.088 0.088 2.390 0.903 2.555 1.389 1.389 1.965 -2.056 -0.248 2.071 -0.818 0.220 0.847 -0.248 -0.012 0.249 
46.000 21.853 26.853 1.000 0.000 22.267 28.117 21.502 27.571 0.980 0.161 0.002 0.008 0.695 0.695 0.352 0.352 0.088 0.088 -1.481 -1.056 1.819 1.391 1.391 1.967 0.414 1.264 1.330 -0.351 0.718 0.799 -0.020 0.161 0.162 
47.000 22.841 26.697 0.988 -0.156 24.035 26.047 23.233 26.917 1.238 -0.109 0.015 -0.009 0.696 0.696 0.350 0.350 0.088 0.088 -1.554 1.685 2.292 1.392 1.392 1.968 1.194 -0.650 1.359 0.392 0.220 0.449 0.250 0.047 0.255 
48.000 23.792 26.388 0.951 -0.309 22.755 28.338 23.641 27.548 0.971 0.134 -0.005 0.007 0.695 0.695 0.349 0.349 0.088 0.088 1.716 -1.530 2.299 1.392 1.392 1.968 -1.037 1.950 2.209 -0.151 1.160 1.170 0.020 0.443 0.443 
49.000 24.683 25.934 0.891 -0.454 24.544 26.502 24.579 27.112 0.955 -0.053 -0.004 -0.006 0.695 0.695 0.348 0.348 0.088 0.088 0.068 1.180 1.182 1.391 1.391 1.967 -0.139 0.568 0.585 -0.104 1.178 1.182 0.064 0.401 0.406 
50.000 25.492 25.346 0.809 -0.588 24.378 24.798 24.976 25.968 0.762 -0.428 -0.013 -0.024 0.695 0.695 0.348 0.348 0.088 0.088 1.156 2.261 2.540 1.390 1.390 1.966 -1.114 -0.548 1.241 -0.516 0.622 0.808 -0.047 0.160 0.167 
51.000 26.199 24.639 0.707 -0.707 26.380 24.602 26.047 25.088 0.854 -0.606 -0.003 -0.024 0.694 0.694 0.348 0.348 0.088 0.088 -0.642 0.938 1.137 1.390 1.390 1.965 0.181 -0.037 0.185 -0.152 0.449 0.474 0.147 0.101 0.178 
52.000 26.787 23.830 0.588 -0.809 25.328 24.087 26.143 24.292 0.593 -0.694 -0.016 -0.020 0.694 0.694 0.348 0.348 0.088 0.088 1.573 0.395 1.622 1.389 1.389 1.965 -1.459 0.257 1.481 -0.644 0.462 0.792 0.005 0.115 0.115 
53.000 27.241 22.939 0.454 -0.891 26.748 22.217 26.742 22.932 0.579 -0.940 -0.011 -0.026 0.694 0.694 0.348 0.348 0.088 0.088 -0.012 1.380 1.380 1.389 1.389 1.965 -0.493 -0.722 0.874 -0.499 -0.007 0.499 0.125 -0.049 0.135 
54.000 27.550 21.988 0.309 -0.951 28.671 21.890 27.972 21.943 0.790 -0.982 0.005 -0.018 0.694 0.694 0.348 0.348 0.088 0.088 -1.350 0.102 1.354 1.389 1.389 1.965 1.121 -0.098 1.125 0.422 -0.045 0.424 0.481 -0.031 0.482 
55.000 27.706 21.000 0.156 -0.988 27.413 20.288 28.111 20.636 0.574 -1.110 -0.009 -0.018 0.694 0.694 0.348 0.348 0.088 0.088 1.348 0.673 1.507 1.389 1.389 1.965 -0.293 -0.712 0.770 0.405 -0.364 0.545 0.418 -0.122 0.435 
56.000 27.706 20.000 0.000 -1.000 15.755 13.500 28.566 19.471 0.525 -1.147 -0.008 -0.013 0.960 0.960 0.415 0.415 0.089 0.089 12.930 6.026 14.266 1.389 1.389 1.965 -11.951 -6.500 13.604 0.860 -0.529 1.010 0.525 -0.147 0.545 
57.000 27.706 19.000 0.000 -1.000 28.032 19.897 28.421 19.319 0.312 -0.855 -0.015 0.006 0.795 0.795 0.357 0.357 0.088 0.088 1.059 -1.573 1.897 1.649 1.649 2.332 0.326 0.897 0.954 0.715 0.319 0.783 0.312 0.145 0.344 
58.000 27.706 18.000 0.000 -1.000 27.323 17.636 27.980 18.021 0.066 -0.985 -0.021 -0.003 0.731 0.731 0.348 0.348 0.088 0.088 1.410 0.827 1.635 1.465 1.465 2.072 -0.383 -0.364 0.528 0.274 0.021 0.275 0.066 0.015 0.067 
59.000 27.706 17.000 0.000 -1.000 28.642 18.093 28.341 17.560 0.139 -0.820 -0.009 0.007 0.704 0.704 0.350 0.350 0.088 0.088 -0.597 -1.057 1.214 1.408 1.408 1.992 0.936 1.093 1.439 0.635 0.560 0.847 0.139 0.180 0.227 
60.000 27.706 16.000 0.000 -1.000 27.236 13.214 27.879 15.035 -0.071 -1.382 -0.017 -0.026 0.695 0.695 0.353 0.353 0.088 0.088 1.244 3.526 3.739 1.392 1.392 1.968 -0.470 -2.786 2.825 0.173 -0.965 0.981 -0.071 -0.382 0.389 
61.000 27.706 15.000 0.000 -1.000 29.309 16.462 28.531 15.007 0.158 -0.948 0.002 0.008 0.694 0.694 0.353 0.353 0.088 0.088 -1.501 -2.809 3.185 1.389 1.389 1.965 1.603 1.462 2.170 0.825 0.007 0.825 0.158 0.052 0.167 
62.000 27.706 14.000 0.000 -1.000 27.315 12.685 28.026 13.395 -0.067 -1.167 -0.011 -0.007 0.695 0.695 0.352 0.352 0.088 0.088 1.375 1.374 1.944 1.391 1.391 1.967 -0.391 -1.315 1.372 0.320 -0.605 0.684 -0.067 -0.167 0.180 
63.000 27.706 13.000 0.000 -1.000 28.197 13.649 28.074 12.916 -0.038 -0.940 -0.005 0.008 0.696 0.696 0.350 0.350 0.088 0.088 -0.238 -1.421 1.441 1.392 1.392 1.968 0.491 0.649 0.814 0.368 -0.084 0.378 -0.038 0.060 0.071 
64.000 27.706 12.000 0.000 -1.000 30.799 18.608 28.061 12.037 -0.035 -0.911 -0.003 0.006 0.963 0.963 0.416 0.416 0.089 0.089 -2.763 -6.632 7.185 1.392 1.392 1.968 3.093 6.608 7.296 0.355 0.037 0.357 -0.035 0.089 0.096 
65.000 27.706 11.000 0.000 -1.000 28.777 11.139 28.502 11.134 0.108 -0.902 0.005 0.004 0.796 0.796 0.357 0.357 0.088 0.088 -0.750 -0.013 0.751 1.653 1.653 2.338 1.071 0.139 1.080 0.796 0.134 0.808 0.108 0.098 0.146 
66.000 27.706 10.000 0.000 -1.000 28.580 8.976 28.594 9.560 0.108 -1.104 0.003 -0.007 0.731 0.731 0.348 0.348 0.088 0.088 0.030 1.256 1.257 1.466 1.466 2.074 0.874 -1.024 1.346 0.888 -0.440 0.991 0.108 -0.104 0.150 
67.000 27.706 9.000 0.000 -1.000 29.650 8.525 29.172 8.490 0.261 -1.100 0.010 -0.004 0.704 0.704 0.350 0.350 0.088 0.088 -0.948 -0.069 0.951 1.409 1.409 1.992 1.944 -0.475 2.001 1.466 -0.510 1.552 0.261 -0.100 0.280 
68.000 27.706 8.000 0.000 -1.000 24.750 8.668 27.168 8.008 -0.484 -0.898 -0.035 0.008 0.695 0.695 0.353 0.353 0.088 0.088 4.684 -1.278 4.855 1.392 1.392 1.968 -2.956 0.668 3.031 -0.538 0.008 0.538 -0.484 0.102 0.495 
69.000 27.706 7.000 0.000 -1.000 26.251 7.666 26.475 7.378 -0.590 -0.799 -0.027 0.011 0.694 0.694 0.353 0.353 0.088 0.088 0.433 -0.556 0.705 1.389 1.389 1.965 -1.455 0.666 1.600 -1.231 0.378 1.287 -0.590 0.201 0.623 
70.000 27.706 6.000 0.000 -1.000 27.522 5.152 26.676 5.890 -0.346 -1.024 -0.003 -0.006 0.695 0.695 0.352 0.352 0.088 0.088 -1.636 1.427 2.171 1.391 1.391 1.967 -0.184 -0.848 0.868 -1.030 -0.110 1.036 -0.346 -0.024 0.347 
71.000 27.706 5.000 0.000 -1.000 28.622 5.652 27.439 5.246 0.029 -0.900 0.018 0.003 0.696 0.696 0.350 0.350 0.088 0.088 -2.292 -0.786 2.423 1.392 1.392 1.968 0.916 0.652 1.124 -0.267 0.246 0.363 0.029 0.100 0.104 
72.000 27.550 4.012 -0.156 -0.988 23.765 1.491 25.677 2.965 -0.562 -1.367 -0.021 -0.023 0.695 0.695 0.349 0.349 0.088 0.088 3.703 2.855 4.676 1.392 1.392 1.968 -3.785 -2.521 4.548 -1.873 -1.047 2.146 -0.406 -0.379 0.555 
73.000 27.241 3.061 -0.309 -0.951 28.273 2.867 26.641 2.211 -0.065 -1.182 0.014 -0.004 0.695 0.695 0.348 0.348 0.088 0.088 -3.158 -1.268 3.403 1.391 1.391 1.967 1.032 -0.194 1.050 -0.600 -0.850 1.040 0.244 -0.231 0.336 
74.000 26.787 2.170 -0.454 -0.891 27.491 1.341 27.017 1.180 0.099 -1.135 0.018 -0.000 0.695 0.695 0.348 0.348 0.088 0.088 -0.915 -0.311 0.967 1.390 1.390 1.966 0.704 -0.829 1.088 0.230 -0.990 1.017 0.553 -0.244 0.605 
75.000 26.199 1.361 -0.588 -0.809 25.366 0.865 26.273 0.440 -0.169 -1.001 -0.004 0.007 0.694 0.694 0.348 0.348 0.088 0.088 1.751 -0.820 1.933 1.390 1.390 1.965 -0.833 -0.496 0.969 0.074 -0.921 0.924 0.419 -0.192 0.461 
76.000 25.492 0.654 -0.707 -0.707 24.986 0.696 25.565 0.045 -0.356 -0.788 -0.013 0.016 0.694 0.694 0.348 0.348 0.088 0.088 1.117 -1.257 1.681 1.389 1.389 1.965 -0.506 0.042 0.508 0.073 -0.609 0.613 0.351 -0.081 0.360 
77.000 24.683 0.066 -0.809 -0.588 25.717 -1.467 25.454 -1.092 -0.285 -0.890 -0.004 0.004 0.694 0.694 0.348 0.348 0.088 0.088 -0.508 0.724 0.884 1.389 1.389 1.965 1.034 -1.533 1.849 0.771 -1.158 1.391 0.524 -0.302 0.605 
78.000 23.792 -0.388 -0.891 -0.454 23.725 0.219 24.473 -0.921 -0.525 -0.526 -0.015 0.023 0.694 0.694 0.348 0.348 0.088 0.088 1.443 -2.202 2.632 1.389 1.389 1.965 -0.067 0.607 0.611 0.681 -0.533 0.865 0.366 -0.072 0.373 
79.000 22.841 -0.697 -0.951 -0.309 22.994 -0.115 23.488 -0.805 -0.697 -0.286 -0.019 0.027 0.694 0.694 0.348 0.348 0.088 0.088 0.953 -1.333 1.638 1.389 1.389 1.965 0.153 0.582 0.602 0.647 -0.108 0.656 0.254 0.023 0.255 
80.000 21.853 -0.853 -0.988 -0.156 24.760 -3.943 23.740 -2.466 -0.393 -0.725 0.005 -0.008 0.694 0.694 0.348 0.348 0.088 0.088 -1.969 2.852 3.466 1.389 1.389 1.965 2.907 -3.090 4.242 1.887 -1.613 2.482 0.595 -0.569 0.823 
81.000 20.853 -0.853 -1.000 0.000 19.755 1.569 23.313 -3.147 -0.400 -0.718 0.003 -0.004 0.960 0.960 0.415 0.415 0.089 0.089 3.592 -4.760 5.963 1.389 1.389 1.965 -1.098 2.422 2.659 2.460 -2.294 3.364 0.600 -0.718 0.936 
82.000 19.853 -0.853 -1.000 0.000 21.078 0.186 21.753 -1.303 -0.752 0.062 -0.015 0.034 0.795 0.795 0.357 0.357 0.088 0.088 1.836 -4.051 4.447 1.649 1.649 2.332 1.225 1.039 1.606 1.900 -0.450 1.953 0.248 0.062 0.255 
83.000 18.853 -0.853 -1.000 0.000 20.188 -0.164 20.566 -0.666 -0.900 0.273 -0.016 0.031 0.731 0.731 0.348 0.348 0.088 0.088 0.813 -1.077 1.349 1.465 1.465 2.072 1.335 0.689 1.502 1.713 0.187 1.724 0.100 0.273 0.290 
84.000 17.853 -0.853 -1.000 0.000 17.900 -2.238 18.790 -1.308 -1.198 0.011 -0.026 0.005 0.704 0.704 0.350 0.350 0.088 0.088 1.766 1.845 2.554 1.408 1.408 1.992 0.047 -1.385 1.386 0.937 -0.455 1.042 -0.198 0.011 0.198 
85.000 16.853 -0.853 -1.000 0.000 19.082 -1.141 18.313 -1.222 -0.983 0.041 -0.004 0.005 0.695 0.695 0.353 0.353 0.088 0.088 -1.489 -0.156 1.497 1.392 1.392 1.968 2.229 -0.288 2.248 1.460 -0.369 1.506 0.017 0.041 0.044 
86.000 15.853 -0.853 -1.000 0.000 12.468 -1.637 14.986 -1.401 -1.785 -0.029 -0.046 -0.001 0.694 0.694 0.353 0.353 0.088 0.088 4.862 0.457 4.883 1.389 1.389 1.965 -3.385 -0.784 3.475 -0.867 -0.548 1.025 -0.785 -0.029 0.785 
87.000 14.853 -0.853 -1.000 0.000 14.101 -1.133 13.636 -1.286 -1.683 0.019 -0.023 0.002 0.695 0.695 0.352 0.352 0.088 0.088 -0.900 -0.296 0.947 1.391 1.391 1.967 -0.752 -0.280 0.802 -1.217 -0.433 1.292 -0.683 0.019 0.683 
88.000 13.853 -0.853 -1.000 0.000 14.448 -1.825 13.160 -1.537 -1.293 -0.071 0.007 -0.004 0.696 0.696 0.350 0.350 0.088 0.088 -2.495 0.558 2.556 1.392 1.392 1.968 0.595 -0.972 1.140 -0.693 -0.684 0.973 -0.293 -0.071 0.302 
89.000 12.853 -0.853 -1.000 0.000 12.093 -0.565 11.976 -1.103 -1.249 0.097 0.007 0.007 0.695 0.695 0.349 0.349 0.088 0.088 -0.226 -1.043 1.067 1.392 1.392 1.968 -0.760 0.288 0.813 -0.877 -0.250 0.912 -0.249 0.097 0.267 
90.000 11.853 -0.853 -1.000 0.000 12.546 -1.795 11.606 -1.387 -0.944 -0.025 0.021 -0.002 0.695 0.695 0.348 0.348 0.088 0.088 -1.819 0.789 1.982 1.391 1.391 1.967 0.693 -0.942 1.169 -0.247 -0.534 0.589 0.056 -0.025 0.061 
91.000 10.853 -0.853 -1.000 0.000 11.243 -0.158 10.942 -0.807 -0.828 0.178 0.019 0.010 0.695 0.695 0.348 0.348 0.088 0.088 -0.581 -1.254 1.383 1.390 1.390 1.966 0.390 0.695 0.797 0.089 0.046 0.100 0.172 0.178 0.247 
92.000 9.853 -0.853 -1.000 0.000 9.514 0.580 9.825 -0.046 -0.907 0.385 0.007 0.017 0.694 0.694 0.348 0.348 0.088 0.088 0.600 -1.210 1.350 1.390 1.390 1.965 -0.339 1.433 1.473 -0.028 0.807 0.807 0.093 0.385 0.396 
93.000 8.853 -0.853 -1.000 0.000 9.391 -0.133 9.146 0.111 -0.823 0.325 0.009 0.007 0.694 0.694 0.348 0.348 0.088 0.088 -0.474 0.472 0.669 1.389 1.389 1.965 0.538 0.720 0.899 0.293 0.964 1.008 0.177 0.325 0.370 
94.000 7.853 -0.853 -1.000 0.000 8.459 1.186 8.389 0.798 -0.791 0.455 0.007 0.012 0.694 0.694 0.348 0.348 0.088 0.088 -0.136 -0.750 0.762 1.389 1.389 1.965 0.606 2.039 2.127 0.536 1.651 1.735 0.209 0.455 0.501 
95.000 6.853 -0.853 -1.000 0.000 8.628 -1.333 8.094 0.006 -0.615 0.043 0.014 -0.015 0.694 0.694 0.348 0.348 0.088 0.088 -1.031 2.586 2.783 1.389 1.389 1.965 1.775 -0.480 1.839 1.241 0.859 1.510 0.385 0.043 0.387 
96.000 5.853 -0.853 -1.000 0.000 -6.754 -4.563 7.348 0.007 -0.646 0.014 0.007 -0.011 0.960 0.960 0.415 0.415 0.089 0.089 14.233 4.613 14.962 1.389 1.389 1.965 -12.607 -3.710 13.142 1.495 0.860 1.724 0.354 0.014 0.354 
97.000 4.853 -0.853 -1.000 0.000 5.233 -0.260 5.773 -0.157 -0.923 -0.052 -0.009 -0.010 0.795 0.795 0.357 0.357 0.088 0.088 1.469 0.281 1.495 1.649 1.649 2.332 0.380 0.593 0.704 0.920 0.696 1.154 0.077 -0.052 0.093 
98.000 3.853 -0.853 -1.000 0.000 4.550 -1.337 4.690 -0.811 -0.981 -0.247 -0.008 -0.016 0.731 0.731 0.348 0.348 0.088 0.088 0.300 1.128 1.168 1.465 1.465 2.072 0.697 -0.484 0.849 0.837 0.042 0.838 0.019 -0.247 0.248 
99.000 2.853 -0.853 -1.000 0.000 2.739 -2.660 3.228 -1.852 -1.143 -0.517 -0.014 -0.024 0.704 0.704 0.350 0.350 0.088 0.088 0.970 1.602 1.872 1.408 1.408 1.992 -0.114 -1.807 1.811 0.375 -0.999 1.067 -0.143 -0.517 0.537 
