0.000 0.000 0.000 0.000 0.000 -1.392 0.204 -0.116 0.017 -0.001 0.000 0.000 0.000 28.864 28.864 3.160 3.160 0.902 0.902 1.392 -0.204 1.407 104.445 104.445 147.708 -1.392 0.204 1.407 -0.116 0.017 0.117 -0.001 0.000 0.001 
1.000 0.000 1.000 0.000 1.000 -1.045 3.279 -0.191 0.275 -0.003 0.006 -0.000 0.000 28.132 28.132 3.544 3.544 0.813 0.813 0.928 -3.262 3.391 104.209 104.209 147.373 -1.045 2.279 2.507 -0.191 -0.725 0.749 -0.003 -0.994 0.994 
2.000 0.000 2.000 0.000 1.000 -0.858 2.385 -0.245 0.444 -0.005 0.012 -0.000 0.001 27.823 27.823 4.025 4.025 0.733 0.733 0.665 -2.104 2.206 104.111 104.111 147.235 -0.858 0.385 0.940 -0.245 -1.556 1.575 -0.005 -0.988 0.988 
3.000 0.000 3.000 0.000 1.000 -1.099 2.683 -0.316 0.631 -0.009 0.023 -0.000 0.001 27.991 27.991 4.524 4.524 0.660 0.660 0.849 -2.227 2.383 104.164 104.164 147.310 -1.099 -0.317 1.144 -0.316 -2.369 2.390 -0.009 -0.977 0.977 
4.000 0.000 4.000 0.000 1.000 0.538 4.152 -0.254 0.942 -0.004 0.048 -0.000 0.003 28.676 28.676 4.992 4.992 0.593 0.593 -0.863 -3.498 3.603 104.384 104.384 147.621 0.538 0.152 0.559 -0.254 -3.058 3.069 -0.004 -0.952 0.952 
5.000 0.000 5.000 0.000 1.000 -1.065 4.564 -0.330 1.308 -0.011 0.082 -0.000 0.004 29.866 29.866 5.401 5.401 0.533 0.533 0.807 -3.575 3.665 104.782 104.782 148.184 -1.065 -0.436 1.151 -0.330 -3.692 3.706 -0.011 -0.918 0.918 
6.000 0.000 6.000 0.000 1.000 -1.011 4.570 -0.407 1.705 -0.019 0.123 -0.001 0.006 31.471 31.471 5.730 5.730 0.476 0.476 0.670 -3.179 3.249 105.353 105.353 148.992 -1.011 -1.430 1.751 -0.407 -4.295 4.314 -0.019 -0.877 0.877 
7.000 0.000 7.000 0.000 1.000 -0.157 9.360 -0.396 2.666 -0.016 0.233 -0.001 0.011 33.344 33.344 5.966 5.966 0.424 0.424 -0.269 -7.532 7.537 106.070 106.070 150.006 -0.157 2.360 2.365 -0.396 -4.334 4.352 -0.016 -0.767 0.767 
8.000 0.000 8.000 0.000 1.000 -1.584 6.504 -0.558 3.348 -0.035 0.302 -0.001 0.012 35.304 35.304 6.103 6.103 0.376 0.376 1.172 -3.605 3.791 106.882 106.882 151.154 -1.584 -1.496 2.179 -0.558 -4.652 4.685 -0.035 -0.698 0.699 
9.000 0.000 9.000 0.000 1.000 0.799 8.386 -0.401 4.304 -0.012 0.398 -0.000 0.015 37.180 37.180 6.142 6.142 0.332 0.332 -1.393 -4.736 4.937 107.722 107.722 152.343 0.799 -0.614 1.008 -0.401 -4.696 4.713 -0.012 -0.602 0.602 
10.000 0.000 10.000 0.000 1.000 -1.208 9.839 -0.533 5.478 -0.027 0.511 -0.001 0.017 38.840 38.840 6.092 6.092 0.292 0.292 0.795 -5.136 5.197 108.520 108.520 153.470 -1.208 -0.161 1.219 -0.533 -4.522 4.554 -0.027 -0.489 0.490 
11.000 0.000 11.000 0.000 1.000 0.785 9.523 -0.343 6.560 -0.001 0.598 0.000 0.017 40.202 40.202 5.968 5.968 0.257 0.257 -1.345 -3.534 3.782 109.214 109.214 154.452 0.785 -1.477 1.673 -0.343 -4.440 4.453 -0.001 -0.402 0.402 
12.000 0.000 12.000 0.000 1.000 1.226 12.342 -0.077 8.039 0.030 0.719 0.001 0.018 41.234 41.234 5.788 5.788 0.227 0.227 -1.570 -5.184 5.417 109.766 109.766 155.233 1.226 0.342 1.273 -0.077 -3.961 3.962 0.030 -0.281 0.283 
13.000 0.000 13.000 0.000 1.000 -0.880 13.535 -0.194 9.599 0.015 0.832 0.001 0.019 41.944 41.944 5.568 5.568 0.201 0.201 0.833 -4.777 4.849 110.159 110.159 155.788 -0.880 0.535 1.030 -0.194 -3.401 3.407 0.015 -0.168 0.168 
14.000 0.000 14.000 0.000 1.000 -2.088 14.557 -0.522 11.172 -0.022 0.931 -0.000 0.019 42.366 42.366 5.325 5.325 0.179 0.179 1.909 -4.126 4.546 110.397 110.397 156.125 -2.088 0.557 2.161 -0.522 -2.828 2.876 -0.022 -0.069 0.072 
15.000 0.000 15.000 0.000 1.000 1.510 15.147 -0.172 12.654 0.016 1.007 0.000 0.018 42.543 42.543 5.071 5.071 0.161 0.161 -2.053 -3.044 3.672 110.498 110.498 156.268 1.510 0.147 1.517 -0.172 -2.346 2.353 0.016 0.007 0.017 
16.000 0.000 16.000 0.000 1.000 3.918 18.766 0.581 14.584 0.089 1.115 0.002 0.018 42.522 42.522 4.816 4.816 0.147 0.147 -4.074 -5.106 6.531 110.486 110.486 156.251 3.918 2.766 4.796 0.581 -1.416 1.531 0.089 0.115 0.145 
17.000 0.000 17.000 0.000 1.000 -0.812 17.072 0.404 15.945 0.066 1.156 0.001 0.017 42.348 42.348 4.567 4.567 0.135 0.135 1.482 -1.373 2.020 110.387 110.387 156.110 -0.812 0.072 0.815 0.404 -1.055 1.129 0.066 0.156 0.170 
18.000 0.000 18.000 0.000 1.000 -1.926 16.171 0.046 16.937 0.029 1.158 0.000 0.015 42.058 42.058 4.328 4.328 0.126 0.126 2.396 0.931 2.570 110.222 110.222 155.878 -1.926 -1.829 2.656 0.046 -1.063 1.064 0.029 0.158 0.161 
19.000 0.000 19.000 0.000 1.000 -0.891 19.736 -0.093 18.381 0.015 1.198 0.000 0.014 41.683 41.683 4.102 4.102 0.119 0.119 0.966 -1.640 1.904 110.013 110.013 155.582 -0.891 0.736 1.156 -0.093 -0.619 0.626 0.015 0.198 0.198 
20.000 0.000 20.000 0.000 1.000 -0.794 20.753 -0.200 19.778 0.005 1.228 0.000 0.012 41.249 41.249 3.891 3.891 0.114 0.114 0.716 -1.175 1.376 109.774 109.774 155.244 -0.794 0.753 1.094 -0.200 -0.222 0.299 0.005 0.228 0.228 
21.000 0.000 21.000 0.000 1.000 1.213 19.185 0.040 20.703 0.024 1.216 0.000 0.011 40.775 40.775 3.695 3.695 0.109 0.109 -1.407 1.821 2.301 109.518 109.518 154.881 1.213 -1.815 2.183 0.040 -0.297 0.300 0.024 0.216 0.218 
22.000 0.156 21.988 0.156 0.988 1.109 21.185 0.233 21.800 0.037 1.218 0.000 0.010 40.276 40.276 3.513 3.513 0.106 0.106 -1.045 0.734 1.277 109.253 109.253 154.507 0.953 -0.803 1.246 0.077 -0.188 0.203 -0.119 0.230 0.259 
23.000 0.465 22.939 0.309 0.951 0.306 22.597 0.276 22.952 0.038 1.223 0.000 0.009 39.764 39.764 3.346 3.346 0.104 0.104 -0.036 0.421 0.423 108.987 108.987 154.131 -0.159 -0.342 0.377 -0.189 0.013 0.190 -0.271 0.272 0.384 
24.000 0.919 23.830 0.454 0.891 4.045 18.862 0.888 23.357 0.078 1.175 0.001 0.007 39.247 39.247 3.193 3.193 0.102 0.102 -3.732 5.313 6.493 108.723 108.723 153.758 3.126 -4.968 5.870 -0.031 -0.473 0.474 -0.376 0.284 0.471 
25.000 1.507 24.639 0.588 0.809 2.410 27.251 1.183 24.940 0.093 1.210 0.001 0.007 38.732 38.732 3.053 3.053 0.101 0.101 -1.444 -2.719 3.079 108.466 108.466 153.394 0.903 2.612 2.764 -0.324 0.301 0.442 -0.495 0.401 0.637 
26.000 2.214 25.346 0.707 0.707 1.367 26.248 1.289 26.164 0.095 1.218 0.001 0.006 38.223 38.223 2.925 2.925 0.100 0.100 -0.091 -0.098 0.134 108.217 108.217 153.042 -0.847 0.902 1.237 -0.925 0.818 1.235 -0.612 0.511 0.797 
27.000 3.023 25.934 0.809 0.588 2.450 26.607 1.536 27.271 0.105 1.217 0.001 0.006 37.725 37.725 2.808 2.808 0.099 0.099 -1.066 0.775 1.318 107.978 107.978 152.704 -0.573 0.673 0.884 -1.487 1.337 2.000 -0.704 0.629 0.944 
28.000 3.914 26.388 0.891 0.454 2.778 26.450 1.799 28.206 0.115 1.205 0.001 0.005 37.239 37.239 2.702 2.702 0.098 0.098 -1.137 2.038 2.334 107.750 107.750 152.381 -1.136 0.062 1.138 -2.115 1.818 2.789 -0.776 0.751 1.080 
29.000 4.865 26.697 0.951 0.309 5.267 25.785 2.367 28.921 0.143 1.181 0.001 0.004 36.767 36.767 2.605 2.605 0.098 0.098 -3.353 3.626 4.939 107.532 107.532 152.073 0.402 -0.912 0.997 -2.498 2.224 3.344 -0.808 0.872 1.189 
30.000 5.853 26.853 0.988 0.156 5.777 26.740 2.941 29.658 0.169 1.160 0.001 0.004 36.311 36.311 2.518 2.518 0.098 0.098 -3.267 3.362 4.688 107.325 107.325 151.781 -0.076 -0.113 0.136 -2.912 2.805 4.044 -0.819 1.004 1.296 
31.000 6.853 26.853 1.000 0.000 6.743 24.839 3.577 30.049 0.196 1.120 0.001 0.003 35.872 35.872 2.439 2.439 0.098 0.098 -3.634 5.979 6.997 107.130 107.130 151.505 -0.110 -2.014 2.017 -3.276 3.196 4.577 -0.804 1.120 1.379 
32.000 7.853 26.853 1.000 0.000 11.939 31.791 4.799 31.247 0.253 1.127 0.001 0.003 35.450 35.450 2.368 2.368 0.097 0.097 -8.166 -0.622 8.190 106.945 106.945 151.244 4.086 4.938 6.409 -3.054 4.394 5.351 -0.747 1.127 1.352 
33.000 8.853 26.853 1.000 0.000 7.807 26.836 5.390 31.694 0.272 1.093 0.001 0.002 35.045 35.045 2.304 2.304 0.097 0.097 -2.755 5.538 6.185 106.771 106.771 150.997 -1.046 -0.017 1.046 -3.463 4.841 5.952 -0.728 1.093 1.313 
34.000 9.853 26.853 1.000 0.000 9.671 27.218 6.144 32.118 0.299 1.060 0.001 0.002 34.658 34.658 2.246 2.246 0.097 0.097 -4.008 5.569 6.862 106.607 106.607 150.766 -0.182 0.365 0.408 -3.709 5.265 6.440 -0.701 1.060 1.271 
35.000 10.853 26.853 1.000 0.000 10.397 27.954 6.908 32.564 0.324 1.030 0.001 0.001 34.288 34.288 2.195 2.195 0.097 0.097 -3.954 5.224 6.552 106.453 106.453 150.548 -0.456 1.101 1.192 -3.945 5.711 6.941 -0.676 1.030 1.232 
36.000 11.853 26.853 1.000 0.000 12.352 27.417 7.822 32.883 0.355 0.996 0.001 0.001 33.936 33.936 2.148 2.148 0.097 0.097 -5.120 6.178 8.024 106.309 106.309 150.343 0.499 0.564 0.753 -4.031 6.030 7.254 -0.645 0.996 1.186 
37.000 12.853 26.853 1.000 0.000 12.589 28.074 8.675 33.223 0.381 0.964 0.001 0.001 33.601 33.601 2.107 2.107 0.097 0.097 -4.412 5.805 7.291 106.173 106.173 150.151 -0.264 1.221 1.249 -4.178 6.370 7.618 -0.619 0.964 1.146 
38.000 13.853 26.853 1.000 0.000 14.310 27.960 9.638 33.498 0.411 0.931 0.001 0.000 33.284 33.284 2.071 2.071 0.097 0.097 -5.254 6.228 8.148 106.046 106.046 149.972 0.457 1.107 1.198 -4.215 6.645 7.869 -0.589 0.931 1.101 
39.000 14.853 26.853 1.000 0.000 12.387 24.827 10.304 33.384 0.425 0.881 0.001 0.000 32.983 32.983 2.038 2.038 0.097 0.097 -2.337 9.602 9.882 105.928 105.928 149.804 -2.466 -2.026 3.192 -4.549 6.531 7.959 -0.575 0.881 1.052 
40.000 15.853 26.853 1.000 0.000 16.360 16.867 11.331 32.405 0.455 0.792 0.001 -0.001 32.699 32.699 2.010 2.010 0.097 0.097 -5.631 17.398 18.287 105.817 105.817 149.648 0.507 -9.986 9.999 -4.522 5.552 7.160 -0.545 0.792 0.961 
41.000 16.853 26.853 1.000 0.000 18.567 27.281 12.499 32.575 0.490 0.762 0.002 -0.001 32.431 32.431 1.985 1.985 0.097 0.097 -6.781 5.916 8.999 105.714 105.714 149.502 1.714 0.428 1.767 -4.354 5.722 7.190 -0.510 0.762 0.917 
42.000 17.853 26.853 1.000 0.000 17.204 27.692 13.426 32.752 0.512 0.734 0.002 -0.001 32.179 32.179 1.963 1.963 0.097 0.097 -4.215 5.645 7.044 105.618 105.618 149.366 -0.649 0.839 1.061 -4.427 5.899 7.376 -0.488 0.734 0.881 
43.000 18.853 26.853 1.000 0.000 17.924 26.501 14.345 32.773 0.533 0.700 0.001 -0.001 31.942 31.942 1.944 1.944 0.097 0.097 -3.986 6.985 8.042 105.528 105.528 149.240 -0.929 -0.352 0.993 -4.508 5.920 7.441 -0.467 0.700 0.842 
44.000 19.853 26.853 1.000 0.000 20.773 27.993 15.471 32.922 0.561 0.674 0.002 -0.001 31.721 31.721 1.927 1.927 0.097 0.097 -5.896 5.480 8.049 105.446 105.446 149.123 0.920 1.140 1.465 -4.382 6.069 7.486 -0.439 0.674 0.804 
45.000 20.853 26.853 1.000 0.000 18.797 26.605 16.307 32.901 0.575 0.641 0.001 -0.001 31.514 31.514 1.913 1.913 0.097 0.097 -2.765 6.991 7.518 105.369 105.369 149.014 -2.056 -0.248 2.071 -4.546 6.048 7.567 -0.425 0.641 0.769 
46.000 21.853 26.853 1.000 0.000 22.267 28.117 17.410 33.010 0.601 0.615 0.002 -0.001 31.321 31.321 1.901 1.901 0.097 0.097 -5.385 5.425 7.644 105.298 105.298 148.914 0.414 1.264 1.330 -4.443 6.157 7.592 -0.399 0.615 0.733 
47.000 22.841 26.697 0.988 -0.156 24.035 26.047 18.596 32.890 0.629 0.581 0.002 -0.001 31.142 31.142 1.890 1.890 0.097 0.097 -6.024 7.578 9.681 105.233 105.233 148.822 1.194 -0.650 1.359 -4.245 6.193 7.509 -0.359 0.737 0.819 
48.000 23.792 26.388 0.951 -0.309 22.755 28.338 19.563 32.978 0.646 0.557 0.002 -0.001 30.977 30.977 1.882 1.882 0.097 0.097 -3.530 5.133 6.230 105.173 105.173 148.737 -1.037 1.950 2.209 -4.229 6.590 7.830 -0.305 0.866 0.918 
49.000 24.683 25.934 0.891 -0.454 24.544 26.502 20.621 32.867 0.666 0.525 0.002 -0.002 30.824 30.824 1.874 1.874 0.097 0.097 -4.335 7.033 8.262 105.118 105.118 148.660 -0.139 0.568 0.585 -4.062 6.933 8.035 -0.225 0.979 1.005 
50.000 25.492 25.346 0.809 -0.588 24.378 24.798 21.578 32.583 0.681 0.488 0.001 -0.002 30.683 30.683 1.868 1.868 0.097 0.097 -3.091 8.595 9.133 105.068 105.068 148.589 -1.114 -0.548 1.241 -3.914 7.237 8.228 -0.128 1.076 1.083 
51.000 26.199 24.639 0.707 -0.707 26.380 24.602 22.643 32.280 0.699 0.450 0.001 -0.002 30.554 30.554 1.863 1.863 0.097 0.097 -4.121 8.469 9.418 105.022 105.022 148.524 0.181 -0.037 0.185 -3.556 7.641 8.428 -0.008 1.157 1.157 
52.000 26.787 23.830 0.588 -0.809 25.328 24.087 23.527 31.930 0.709 0.413 0.001 -0.002 30.436 30.436 1.859 1.859 0.097 0.097 -1.985 8.644 8.869 104.981 104.981 148.465 -1.459 0.257 1.481 -3.260 8.100 8.731 0.121 1.222 1.228 
53.000 27.241 22.939 0.454 -0.891 26.748 22.217 24.467 31.411 0.721 0.369 0.001 -0.002 30.329 30.329 1.856 1.856 0.097 0.097 -2.512 10.125 10.432 104.943 104.943 148.412 -0.493 -0.722 0.874 -2.774 8.472 8.915 0.267 1.260 1.288 
54.000 27.550 21.988 0.309 -0.951 28.671 21.890 25.506 30.876 0.736 0.326 0.001 -0.002 30.232 30.232 1.854 1.854 0.097 0.097 -3.483 9.890 10.485 104.909 104.909 148.364 1.121 -0.098 1.125 -2.044 8.888 9.120 0.427 1.277 1.347 
55.000 27.706 21.000 0.156 -0.988 27.413 20.288 26.349 30.210 0.743 0.279 0.001 -0.002 30.144 30.144 1.852 1.852 0.097 0.097 -1.170 10.914 10.977 104.879 104.879 148.321 -0.293 -0.712 0.770 -1.357 9.210 9.310 0.587 1.267 1.397 
56.000 27.706 20.000 0.000 -1.000 15.755 13.500 26.067 28.954 0.698 0.208 0.001 -0.003 30.066 30.066 1.850 1.850 0.097 0.097 11.337 16.990 20.425 104.851 104.851 148.282 -11.951 -6.500 13.604 -1.639 8.954 9.103 0.698 1.208 1.395 
57.000 27.706 19.000 0.000 -1.000 28.032 19.897 26.879 28.329 0.704 0.168 0.001 -0.003 29.995 29.995 1.849 1.849 0.097 0.097 -1.267 9.265 9.351 104.827 104.827 148.248 0.326 0.897 0.954 -0.827 9.329 9.365 0.704 1.168 1.363 
58.000 27.706 18.000 0.000 -1.000 27.323 17.636 27.559 27.523 0.703 0.121 0.001 -0.003 29.933 29.933 1.849 1.849 0.097 0.097 0.259 10.860 10.863 104.805 104.805 148.217 -0.383 -0.364 0.528 -0.147 9.523 9.524 0.703 1.121 1.323 
59.000 27.706 17.000 0.000 -1.000 28.642 18.093 28.296 26.792 0.705 0.080 0.001 -0.003 29.877 29.877 1.848 1.848 0.097 0.097 -0.380 9.552 9.559 104.786 104.786 148.190 0.936 1.093 1.439 0.590 9.792 9.810 0.705 1.080 1.290 
60.000 27.706 16.000 0.000 -1.000 27.236 13.214 28.844 25.657 0.699 0.022 0.000 -0.003 29.828 29.828 1.848 1.848 0.097 0.097 1.765 13.658 13.771 104.769 104.769 148.166 -0.470 -2.786 2.825 1.138 9.657 9.724 0.699 1.022 1.238 
61.000 27.706 15.000 0.000 -1.000 29.309 16.462 29.522 24.861 0.698 -0.018 0.000 -0.003 29.785 29.785 1.848 1.848 0.097 0.097 0.234 9.217 9.220 104.755 104.755 148.146 1.603 1.462 2.170 1.816 9.861 10.027 0.698 0.982 1.205 
62.000 27.706 14.000 0.000 -1.000 27.315 12.685 29.964 23.767 0.687 -0.070 0.000 -0.003 29.748 29.748 1.848 1.848 0.097 0.097 2.906 12.158 12.500 104.742 104.742 148.128 -0.391 -1.315 1.372 2.258 9.767 10.025 0.687 0.930 1.156 
63.000 27.706 13.000 0.000 -1.000 28.197 13.649 30.434 22.810 0.677 -0.113 0.000 -0.003 29.716 29.716 1.848 1.848 0.097 0.097 2.454 10.048 10.343 104.731 104.731 148.112 0.491 0.649 0.814 2.728 9.810 10.182 0.677 0.887 1.116 
64.000 27.706 12.000 0.000 -1.000 30.799 18.608 31.084 22.336 0.676 -0.133 0.000 -0.003 29.689 29.689 1.849 1.849 0.097 0.097 0.312 4.088 4.100 104.722 104.722 148.099 3.093 6.608 7.296 3.378 10.336 10.874 0.676 0.867 1.100 
65.000 27.706 11.000 0.000 -1.000 28.777 11.139 31.498 21.229 0.664 -0.180 -0.000 -0.003 29.666 29.666 1.849 1.849 0.097 0.097 2.983 11.064 11.459 104.714 104.714 148.088 1.071 0.139 1.080 3.792 10.229 10.909 0.664 0.820 1.055 
66.000 27.706 10.000 0.000 -1.000 28.580 8.976 31.847 19.988 0.650 -0.232 -0.000 -0.003 29.646 29.646 1.849 1.849 0.097 0.097 3.582 12.073 12.593 104.707 104.707 148.078 0.874 -1.024 1.346 4.141 9.988 10.812 0.650 0.768 1.006 
67.000 27.706 9.000 0.000 -1.000 29.650 8.525 32.247 18.770 0.639 -0.280 -0.000 -0.003 29.630 29.630 1.850 1.850 0.097 0.097 2.847 11.231 11.586 104.702 104.702 148.070 1.944 -0.475 2.001 4.541 9.770 10.774 0.639 0.720 0.962 
68.000 27.706 8.000 0.000 -1.000 24.750 8.668 32.172 17.628 0.606 -0.323 -0.000 -0.003 29.616 29.616 1.850 1.850 0.097 0.097 8.136 9.821 12.754 104.697 104.697 148.064 -2.956 0.668 3.031 4.466 9.628 10.613 0.606 0.677 0.908 
69.000 27.706 7.000 0.000 -1.000 26.251 7.666 32.206 16.460 0.579 -0.365 -0.001 -0.003 29.606 29.606 1.850 1.850 0.097 0.097 6.527 9.639 11.641 104.693 104.693 148.059 -1.455 0.666 1.600 4.500 9.460 10.476 0.579 0.635 0.859 
70.000 27.706 6.000 0.000 -1.000 27.522 5.152 32.324 15.136 0.557 -0.412 -0.001 -0.003 29.597 29.597 1.850 1.850 0.097 0.097 5.263 10.943 12.143 104.690 104.690 148.055 -0.184 -0.848 0.868 4.618 9.136 10.237 0.557 0.588 0.810 
71.000 27.706 5.000 0.000 -1.000 28.622 5.652 32.509 13.930 0.539 -0.452 -0.001 -0.003 29.590 29.590 1.850 1.850 0.097 0.097 4.259 9.072 10.022 104.688 104.688 148.051 0.916 0.652 1.124 4.803 8.930 10.139 0.539 0.548 0.769 
72.000 27.550 4.012 -0.156 -0.988 23.765 1.491 32.235 12.428 0.501 -0.504 -0.001 -0.004 29.585 29.585 1.851 1.851 0.097 0.097 9.283 11.987 15.161 104.686 104.686 148.049 -3.785 -2.521 4.548 4.685 8.416 9.633 0.657 0.484 0.816 
73.000 27.241 3.061 -0.309 -0.951 28.273 2.867 32.346 11.132 0.482 -0.544 -0.001 -0.003 29.582 29.582 1.851 1.851 0.097 0.097 4.464 9.058 10.098 104.685 104.685 148.047 1.032 -0.194 1.050 5.105 8.071 9.550 0.791 0.407 0.890 
74.000 26.787 2.170 -0.454 -0.891 27.491 1.341 32.361 9.779 0.460 -0.584 -0.001 -0.003 29.579 29.579 1.851 1.851 0.097 0.097 5.337 9.247 10.677 104.684 104.684 148.046 0.704 -0.829 1.088 5.574 7.609 9.433 0.914 0.307 0.964 
75.000 26.199 1.361 -0.588 -0.809 25.366 0.865 32.169 8.466 0.428 -0.621 -0.001 -0.003 29.578 29.578 1.851 1.851 0.097 0.097 7.455 8.330 11.179 104.684 104.684 148.045 -0.833 -0.496 0.969 5.970 7.105 9.280 1.016 0.188 1.034 
76.000 25.492 0.654 -0.707 -0.707 24.986 0.696 31.931 7.220 0.396 -0.653 -0.002 -0.003 29.577 29.577 1.851 1.851 0.097 0.097 7.611 7.149 10.442 104.684 104.684 148.045 -0.506 0.042 0.508 6.439 6.566 9.197 1.103 0.054 1.105 
77.000 24.683 0.066 -0.809 -0.588 25.717 -1.467 31.750 5.864 0.368 -0.689 -0.002 -0.003 29.576 29.576 1.851 1.851 0.097 0.097 6.611 8.033 10.404 104.683 104.683 148.045 1.034 -1.533 1.849 7.067 5.798 9.141 1.177 -0.101 1.182 
78.000 23.792 -0.388 -0.891 -0.454 23.725 0.219 31.384 4.741 0.333 -0.712 -0.002 -0.003 29.577 29.577 1.850 1.850 0.097 0.097 8.393 4.956 9.747 104.683 104.683 148.045 -0.067 0.607 0.611 7.592 5.129 9.162 1.224 -0.258 1.251 
79.000 22.841 -0.697 -0.951 -0.309 22.994 -0.115 30.954 3.666 0.296 -0.732 -0.002 -0.003 29.577 29.577 1.850 1.850 0.097 0.097 8.723 4.144 9.657 104.684 104.684 148.045 0.153 0.582 0.602 8.113 4.363 9.212 1.247 -0.423 1.317 
80.000 21.853 -0.853 -0.988 -0.156 24.760 -3.943 30.682 2.333 0.268 -0.763 -0.002 -0.003 29.578 29.578 1.850 1.850 0.097 0.097 6.490 6.877 9.456 104.684 104.684 148.045 2.907 -3.090 4.242 8.829 3.186 9.386 1.256 -0.607 1.395 
81.000 20.853 -0.853 -1.000 0.000 19.755 1.569 29.971 1.570 0.221 -0.766 -0.002 -0.003 29.579 29.579 1.850 1.850 0.097 0.097 11.195 0.001 11.195 104.684 104.684 148.046 -1.098 2.422 2.659 9.118 2.423 9.434 1.221 -0.766 1.441 
82.000 19.853 -0.853 -1.000 0.000 21.078 0.186 29.394 0.750 0.182 -0.771 -0.002 -0.002 29.580 29.580 1.850 1.850 0.097 0.097 9.114 0.618 9.135 104.684 104.684 148.046 1.225 1.039 1.606 9.541 1.603 9.675 1.182 -0.771 1.411 
83.000 18.853 -0.853 -1.000 0.000 20.188 -0.164 28.755 -0.033 0.142 -0.774 -0.002 -0.002 29.580 29.580 1.849 1.849 0.097 0.097 9.388 0.143 9.389 104.685 104.685 148.047 1.335 0.689 1.502 9.902 0.820 9.936 1.142 -0.774 1.380 
84.000 17.853 -0.853 -1.000 0.000 17.900 -2.238 27.935 -0.932 0.095 -0.782 -0.003 -0.002 29.581 29.581 1.849 1.849 0.097 0.097 10.997 1.431 11.090 104.685 104.685 148.047 0.047 -1.385 1.386 10.082 -0.079 10.082 1.095 -0.782 1.346 
85.000 16.853 -0.853 -1.000 0.000 19.082 -1.141 27.247 -1.664 0.057 -0.781 -0.003 -0.002 29.582 29.582 1.849 1.849 0.097 0.097 8.948 -0.573 8.967 104.685 104.685 148.047 2.229 -0.288 2.248 10.394 -0.811 10.426 1.057 -0.781 1.314 
86.000 15.853 -0.853 -1.000 0.000 12.468 -1.637 26.006 -2.375 -0.006 -0.780 -0.003 -0.002 29.583 29.583 1.849 1.849 0.097 0.097 14.836 -0.808 14.858 104.686 104.686 148.048 -3.385 -0.784 3.475 10.153 -1.522 10.266 0.994 -0.780 1.264 
87.000 14.853 -0.853 -1.000 0.000 14.101 -1.133 24.959 -2.978 -0.056 -0.773 -0.003 -0.001 29.583 29.583 1.848 1.848 0.097 0.097 11.899 -2.022 12.070 104.686 104.686 148.048 -0.752 -0.280 0.802 10.106 -2.125 10.327 0.944 -0.773 1.220 
88.000 13.853 -0.853 -1.000 0.000 14.448 -1.825 23.987 -3.583 -0.101 -0.767 -0.003 -0.001 29.584 29.584 1.848 1.848 0.097 0.097 10.454 -1.926 10.630 104.686 104.686 148.048 0.595 -0.972 1.140 10.134 -2.730 10.496 0.899 -0.767 1.181 
89.000 12.853 -0.853 -1.000 0.000 12.093 -0.565 22.854 -4.018 -0.152 -0.753 -0.003 -0.001 29.584 29.584 1.848 1.848 0.097 0.097 11.793 -3.785 12.385 104.686 104.686 148.048 -0.760 0.288 0.813 10.001 -3.165 10.490 0.848 -0.753 1.134 
90.000 11.853 -0.853 -1.000 0.000 12.546 -1.795 21.813 -4.511 -0.196 -0.742 -0.003 -0.001 29.584 29.584 1.847 1.847 0.097 0.097 10.156 -2.976 10.583 104.686 104.686 148.049 0.693 -0.942 1.169 9.960 -3.658 10.610 0.804 -0.742 1.094 
91.000 10.853 -0.853 -1.000 0.000 11.243 -0.158 20.709 -4.807 -0.241 -0.722 -0.003 -0.000 29.584 29.584 1.847 1.847 0.097 0.097 10.374 -5.095 11.557 104.686 104.686 148.049 0.390 0.695 0.797 9.856 -3.954 10.619 0.759 -0.722 1.047 
92.000 9.853 -0.853 -1.000 0.000 9.514 0.580 19.509 -4.994 -0.289 -0.698 -0.003 -0.000 29.584 29.584 1.847 1.847 0.097 0.097 10.954 -6.109 12.542 104.686 104.686 148.049 -0.339 1.433 1.473 9.656 -4.141 10.506 0.711 -0.698 0.997 
93.000 8.853 -0.853 -1.000 0.000 9.391 -0.133 18.360 -5.205 -0.332 -0.676 -0.003 0.000 29.584 29.584 1.847 1.847 0.097 0.097 9.829 -5.559 11.292 104.686 104.686 148.048 0.538 0.720 0.899 9.507 -4.352 10.456 0.668 -0.676 0.950 
94.000 7.853 -0.853 -1.000 0.000 8.459 1.186 17.191 -5.262 -0.373 -0.647 -0.003 0.000 29.584 29.584 1.846 1.846 0.097 0.097 9.569 -7.067 11.896 104.686 104.686 148.048 0.606 2.039 2.127 9.338 -4.409 10.327 0.627 -0.647 0.901 
95.000 6.853 -0.853 -1.000 0.000 8.628 -1.333 16.101 -5.509 -0.410 -0.628 -0.003 0.000 29.583 29.583 1.846 1.846 0.097 0.097 8.190 -4.576 9.381 104.686 104.686 148.048 1.775 -0.480 1.839 9.248 -4.656 10.354 0.590 -0.628 0.862 
96.000 5.853 -0.853 -1.000 0.000 -6.754 -4.563 13.727 -6.000 -0.503 -0.622 -0.004 0.000 29.583 29.583 1.846 1.846 0.097 0.097 22.445 -1.574 22.500 104.686 104.686 148.048 -12.607 -3.710 13.142 7.874 -5.147 9.407 0.497 -0.622 0.796 
97.000 4.853 -0.853 -1.000 0.000 5.233 -0.260 12.524 -6.065 -0.539 -0.596 -0.004 0.001 29.582 29.582 1.846 1.846 0.097 0.097 7.990 -6.361 10.213 104.685 104.685 148.047 0.380 0.593 0.704 7.671 -5.212 9.274 0.461 -0.596 0.753 
98.000 3.853 -0.853 -1.000 0.000 4.550 -1.337 11.334 -6.194 -0.573 -0.574 -0.004 0.001 29.581 29.581 1.846 1.846 0.097 0.097 7.435 -5.323 9.144 104.685 104.685 148.047 0.697 -0.484 0.849 7.481 -5.341 9.192 0.427 -0.574 0.715 
99.000 2.853 -0.853 -1.000 0.000 2.739 -2.660 10.059 -6.408 -0.609 -0.556 -0.004 0.001 29.581 29.581 1.845 1.845 0.097 0.097 8.022 -4.108 9.012 104.685 104.685 148.047 -0.114 -1.807 1.811 7.206 -5.555 9.099 0.391 -0.556 0.680 
