0.000 0.000 0.000 0.000 0.000 -1.392 0.204 -1.390 0.204 -0.014 0.002 0.000 0.000 0.999 0.999 3.147 3.147 0.902 0.902 1.392 -0.204 1.407 30.163 30.163 42.657 -1.392 0.204 1.407 -1.390 0.204 1.405 -0.014 0.002 0.014 
1.000 0.000 1.000 0.000 1.000 -1.045 3.279 -1.075 3.021 0.312 2.789 0.024 0.207 0.957 0.957 1.646 1.646 0.779 0.779 -0.359 -3.073 3.094 3.453 3.453 4.883 -1.045 2.279 2.507 -1.075 2.021 2.289 0.312 1.789 1.816 
2.000 0.000 2.000 0.000 1.000 -0.858 2.385 -0.843 2.917 0.270 0.604 0.010 -0.233 0.919 0.919 1.342 1.342 0.630 0.630 0.095 3.425 3.426 2.537 2.537 3.589 -0.858 0.385 0.940 -0.843 0.917 1.246 0.270 -0.396 0.479 
3.000 0.000 3.000 0.000 1.000 -1.099 2.683 -0.995 2.849 -0.069 -0.185 -0.070 -0.336 0.895 0.895 1.196 1.196 0.456 0.456 0.526 0.838 0.989 2.246 2.246 3.176 -1.099 -0.317 1.144 -0.995 -0.151 1.006 -0.069 -1.185 1.188 
4.000 0.000 4.000 0.000 1.000 0.538 4.152 0.187 3.826 0.828 0.377 0.144 -0.110 0.884 0.884 0.996 0.996 0.307 0.307 -1.602 -1.488 2.187 2.135 2.135 3.020 0.538 0.152 0.559 0.187 -0.174 0.255 0.828 -0.623 1.036 
5.000 0.000 5.000 0.000 1.000 -1.065 4.564 -0.543 4.473 -0.082 0.450 -0.066 -0.065 0.865 0.865 0.804 0.804 0.208 0.208 2.079 -0.361 2.111 1.995 1.995 2.821 -1.065 -0.436 1.151 -0.543 -0.527 0.756 -0.082 -0.550 0.556 
6.000 0.000 6.000 0.000 1.000 -1.011 4.570 -0.897 4.674 -0.307 0.239 -0.084 -0.082 0.841 0.841 0.654 0.654 0.149 0.149 0.387 0.353 0.524 1.846 1.846 2.611 -1.011 -1.430 1.751 -0.897 -1.326 1.602 -0.307 -0.761 0.821 
7.000 0.000 7.000 0.000 1.000 -0.157 9.360 -0.511 7.857 -0.039 1.656 -0.028 0.132 0.814 0.814 0.545 0.545 0.116 0.116 -1.047 -4.447 4.569 1.720 1.720 2.433 -0.157 2.360 2.365 -0.511 0.857 0.998 -0.039 0.656 0.657 
8.000 0.000 8.000 0.000 1.000 -1.584 6.504 -1.191 7.647 -0.356 0.944 -0.060 0.017 0.788 0.788 0.468 0.468 0.098 0.098 1.035 3.009 3.182 1.623 1.623 2.295 -1.584 -1.496 2.179 -1.191 -0.353 1.242 -0.356 -0.056 0.360 
9.000 0.000 9.000 0.000 1.000 0.799 8.386 -0.179 8.472 0.145 0.912 0.007 0.010 0.764 0.764 0.416 0.416 0.090 0.090 -2.346 0.205 2.355 1.549 1.549 2.191 0.799 -0.614 1.008 -0.179 -0.528 0.558 0.145 -0.088 0.169 
10.000 0.000 10.000 0.000 1.000 -1.208 9.839 -0.682 9.635 -0.095 1.018 -0.019 0.019 0.743 0.743 0.382 0.382 0.085 0.085 1.174 -0.455 1.259 1.495 1.495 2.114 -1.208 -0.161 1.219 -0.682 -0.365 0.774 -0.095 0.018 0.096 
11.000 0.000 11.000 0.000 1.000 0.785 9.523 0.047 10.056 0.185 0.820 0.012 -0.004 0.727 0.727 0.361 0.361 0.083 0.083 -1.562 1.130 1.928 1.455 1.455 2.058 0.785 -1.477 1.673 0.047 -0.944 0.945 0.185 -0.180 0.258 
12.000 0.000 12.000 0.000 1.000 1.226 12.342 0.739 11.624 0.375 1.078 0.028 0.021 0.714 0.714 0.350 0.350 0.083 0.083 -0.994 -1.465 1.770 1.428 1.428 2.020 1.226 0.342 1.273 0.739 -0.376 0.829 0.375 0.078 0.383 
13.000 0.000 13.000 0.000 1.000 -0.880 13.535 0.122 13.117 0.060 1.243 -0.008 0.033 0.705 0.705 0.345 0.345 0.083 0.083 1.994 -0.833 2.161 1.411 1.411 1.995 -0.880 0.535 1.030 0.122 0.117 0.169 0.060 0.243 0.250 
14.000 0.000 14.000 0.000 1.000 -2.088 14.557 -0.930 14.456 -0.331 1.309 -0.043 0.033 0.700 0.700 0.342 0.342 0.083 0.083 2.270 -0.197 2.278 1.400 1.400 1.980 -2.088 0.557 2.161 -0.930 0.456 1.036 -0.331 0.309 0.453 
15.000 0.000 15.000 0.000 1.000 1.510 15.147 0.085 15.465 0.090 1.238 0.006 0.019 0.697 0.697 0.342 0.342 0.083 0.083 -2.771 0.618 2.840 1.395 1.395 1.972 1.510 0.147 1.517 0.085 0.465 0.473 0.090 0.238 0.254 
16.000 0.000 16.000 0.000 1.000 3.918 18.766 1.987 17.701 0.722 1.603 0.066 0.051 0.696 0.696 0.342 0.342 0.082 0.082 -3.743 -2.063 4.274 1.392 1.392 1.969 3.918 2.766 4.796 1.987 1.701 2.616 0.722 0.603 0.941 
17.000 0.000 17.000 0.000 1.000 -0.812 17.072 1.007 18.225 0.198 1.280 0.002 0.010 0.695 0.695 0.342 0.342 0.082 0.082 3.521 2.232 4.169 1.391 1.391 1.967 -0.812 0.072 0.815 1.007 1.225 1.586 0.198 0.280 0.343 
18.000 0.000 18.000 0.000 1.000 -1.926 16.171 -0.308 17.894 -0.324 0.731 -0.049 -0.046 0.695 0.695 0.342 0.342 0.082 0.082 3.131 3.334 4.574 1.391 1.391 1.967 -1.926 -1.829 2.656 -0.308 -0.106 0.326 -0.324 -0.269 0.421 
19.000 0.000 19.000 0.000 1.000 -0.891 19.736 -0.757 19.162 -0.417 0.871 -0.048 -0.023 0.695 0.695 0.341 0.341 0.082 0.082 0.259 -1.111 1.141 1.391 1.391 1.967 -0.891 0.736 1.156 -0.757 0.162 0.774 -0.417 -0.129 0.436 
20.000 0.000 20.000 0.000 1.000 -0.794 20.753 -0.990 20.381 -0.402 0.969 -0.037 -0.009 0.695 0.695 0.341 0.341 0.082 0.082 -0.380 -0.720 0.814 1.391 1.391 1.967 -0.794 0.753 1.094 -0.990 0.381 1.061 -0.402 -0.031 0.403 
21.000 0.000 21.000 0.000 1.000 1.213 19.185 -0.134 20.304 -0.003 0.598 0.009 -0.043 0.695 0.695 0.341 0.341 0.082 0.082 -2.605 2.165 3.387 1.391 1.391 1.967 1.213 -1.815 2.183 -0.134 -0.696 0.709 -0.003 -0.402 0.402 
22.000 0.156 21.988 0.156 0.988 1.109 21.185 0.465 21.039 0.214 0.602 0.028 -0.034 0.695 0.695 0.341 0.341 0.082 0.082 -1.246 -0.283 1.277 1.391 1.391 1.967 0.953 -0.803 1.246 0.309 -0.949 0.999 0.058 -0.386 0.391 
23.000 0.465 22.939 0.309 0.951 0.306 22.597 0.499 22.102 0.180 0.727 0.019 -0.015 0.695 0.695 0.341 0.341 0.082 0.082 0.373 -0.957 1.027 1.391 1.391 1.967 -0.159 -0.342 0.377 0.034 -0.837 0.837 -0.129 -0.224 0.258 
24.000 0.919 23.830 0.454 0.891 4.045 18.862 2.304 20.914 0.762 0.049 0.072 -0.078 0.695 0.695 0.341 0.341 0.082 0.082 -3.366 3.968 5.203 1.391 1.391 1.967 3.126 -4.968 5.870 1.385 -2.916 3.228 0.308 -0.842 0.897 
25.000 1.507 24.639 0.588 0.809 2.410 27.251 2.749 23.999 0.724 1.022 0.054 0.032 0.695 0.695 0.341 0.341 0.082 0.082 0.656 -6.289 6.323 1.391 1.391 1.967 0.903 2.612 2.764 1.242 -0.640 1.398 0.136 0.213 0.253 
26.000 2.214 25.346 0.707 0.707 1.367 26.248 2.456 25.613 0.426 1.259 0.014 0.048 0.695 0.695 0.341 0.341 0.082 0.082 2.106 -1.227 2.438 1.391 1.391 1.966 -0.847 0.902 1.237 0.242 0.267 0.361 -0.281 0.552 0.619 
27.000 3.023 25.934 0.809 0.588 2.450 26.607 2.673 26.744 0.368 1.263 0.006 0.039 0.695 0.695 0.341 0.341 0.082 0.082 0.432 0.265 0.507 1.391 1.391 1.966 -0.573 0.673 0.884 -0.350 0.810 0.882 -0.441 0.675 0.806 
28.000 3.914 26.388 0.891 0.454 2.778 26.450 2.914 27.255 0.330 1.042 0.001 0.010 0.695 0.695 0.341 0.341 0.082 0.082 0.263 1.557 1.579 1.391 1.391 1.966 -1.136 0.062 1.138 -1.000 0.867 1.324 -0.561 0.588 0.813 
29.000 4.865 26.697 0.951 0.309 5.267 25.785 4.221 27.084 0.669 0.632 0.034 -0.032 0.695 0.695 0.341 0.341 0.082 0.082 -2.023 2.512 3.225 1.391 1.391 1.966 0.402 -0.912 0.997 -0.644 0.387 0.752 -0.282 0.323 0.428 
30.000 5.853 26.853 0.988 0.156 5.777 26.740 5.318 27.245 0.851 0.437 0.045 -0.044 0.695 0.695 0.341 0.341 0.082 0.082 -0.887 0.976 1.319 1.391 1.391 1.966 -0.076 -0.113 0.136 -0.535 0.392 0.663 -0.137 0.281 0.312 
31.000 6.853 26.853 1.000 0.000 6.743 24.839 6.447 26.309 0.992 -0.083 0.050 -0.086 0.695 0.695 0.341 0.341 0.082 0.082 -0.573 2.843 2.900 1.391 1.391 1.966 -0.110 -2.014 2.017 -0.406 -0.544 0.679 -0.008 -0.083 0.083 
32.000 7.853 26.853 1.000 0.000 11.939 31.791 9.611 28.913 1.794 0.762 0.118 0.013 0.695 0.695 0.341 0.341 0.082 0.082 -4.500 -5.565 7.157 1.391 1.391 1.966 4.086 4.938 6.409 1.758 2.060 2.708 0.794 0.762 1.101 
33.000 8.853 26.853 1.000 0.000 7.807 26.836 9.668 28.304 1.310 0.300 0.048 -0.035 0.695 0.695 0.341 0.341 0.082 0.082 3.599 2.839 4.584 1.391 1.391 1.966 -1.046 -0.017 1.046 0.815 1.451 1.664 0.310 0.300 0.431 
34.000 9.853 26.853 1.000 0.000 9.671 27.218 10.347 27.935 1.139 0.033 0.022 -0.054 0.695 0.695 0.341 0.341 0.082 0.082 1.308 1.386 1.905 1.391 1.391 1.966 -0.182 0.365 0.408 0.494 1.082 1.189 0.139 0.033 0.143 
35.000 10.853 26.853 1.000 0.000 10.397 27.954 10.960 27.961 0.979 -0.022 0.002 -0.048 0.695 0.695 0.341 0.341 0.082 0.082 1.090 0.014 1.090 1.391 1.391 1.966 -0.456 1.101 1.192 0.107 1.108 1.114 -0.021 -0.022 0.031 
36.000 11.853 26.853 1.000 0.000 12.352 27.417 12.138 27.687 1.049 -0.158 0.008 -0.052 0.695 0.695 0.341 0.341 0.082 0.082 -0.413 0.522 0.665 1.391 1.391 1.966 0.499 0.564 0.753 0.285 0.834 0.881 0.049 -0.158 0.166 
37.000 12.853 26.853 1.000 0.000 12.589 28.074 12.899 27.792 0.957 -0.119 -0.002 -0.038 0.695 0.695 0.341 0.341 0.082 0.082 0.599 -0.545 0.810 1.391 1.391 1.966 -0.264 1.221 1.249 0.046 0.939 0.940 -0.043 -0.119 0.126 
38.000 13.853 26.853 1.000 0.000 14.310 27.960 14.075 27.812 1.031 -0.109 0.005 -0.030 0.695 0.695 0.341 0.341 0.082 0.082 -0.454 -0.287 0.537 1.391 1.391 1.966 0.457 1.107 1.198 0.222 0.959 0.984 0.031 -0.109 0.113 
39.000 14.853 26.853 1.000 0.000 12.387 24.827 13.793 26.314 0.582 -0.619 -0.039 -0.073 0.695 0.695 0.341 0.341 0.082 0.082 2.719 2.875 3.958 1.391 1.391 1.966 -2.466 -2.026 3.192 -1.060 -0.539 1.189 -0.418 -0.619 0.748 
40.000 15.853 26.853 1.000 0.000 16.360 16.867 15.333 21.433 0.874 -2.169 -0.003 -0.209 0.695 0.695 0.341 0.341 0.082 0.082 -1.985 8.828 9.048 1.391 1.391 1.966 0.507 -9.986 9.999 -0.520 -5.420 5.445 -0.126 -2.169 2.173 
41.000 16.853 26.853 1.000 0.000 18.567 27.281 17.347 23.134 1.266 -1.037 0.035 -0.058 0.695 0.695 0.341 0.341 0.082 0.082 -2.359 -8.017 8.357 1.391 1.391 1.966 1.714 0.428 1.767 0.494 -3.719 3.751 0.266 -1.037 1.071 
42.000 17.853 26.853 1.000 0.000 17.204 27.692 17.932 24.798 1.065 -0.160 0.009 0.038 0.695 0.695 0.341 0.341 0.082 0.082 1.408 -5.595 5.770 1.391 1.391 1.966 -0.649 0.839 1.061 0.079 -2.055 2.056 0.065 -0.160 0.173 
43.000 18.853 26.853 1.000 0.000 17.924 26.501 18.479 25.538 0.895 0.190 -0.009 0.065 0.695 0.695 0.341 0.341 0.082 0.082 1.074 -1.863 2.150 1.391 1.391 1.966 -0.929 -0.352 0.993 -0.374 -1.315 1.367 -0.105 0.190 0.217 
44.000 19.853 26.853 1.000 0.000 20.773 27.993 20.050 26.821 1.119 0.634 0.014 0.095 0.695 0.695 0.341 0.341 0.082 0.082 -1.399 -2.265 2.662 1.391 1.391 1.966 0.920 1.140 1.465 0.197 -0.032 0.199 0.119 0.634 0.645 
45.000 20.853 26.853 1.000 0.000 18.797 26.605 20.024 27.045 0.737 0.587 -0.026 0.072 0.695 0.695 0.341 0.341 0.082 0.082 2.372 0.850 2.520 1.391 1.391 1.966 -2.056 -0.248 2.071 -0.829 0.192 0.851 -0.263 0.587 0.643 
46.000 21.853 26.853 1.000 0.000 22.267 28.117 21.488 27.866 0.963 0.740 0.001 0.073 0.695 0.695 0.341 0.341 0.082 0.082 -1.506 -0.486 1.582 1.391 1.391 1.966 0.414 1.264 1.330 -0.365 1.013 1.077 -0.037 0.740 0.741 
47.000 22.841 26.697 0.988 -0.156 24.035 26.047 23.216 27.370 1.230 0.384 0.027 0.024 0.695 0.695 0.341 0.341 0.082 0.082 -1.584 2.559 3.009 1.391 1.391 1.966 1.194 -0.650 1.359 0.375 0.673 0.771 0.242 0.540 0.592 
48.000 23.792 26.388 0.951 -0.309 22.755 28.338 23.629 28.036 0.974 0.506 -0.003 0.031 0.695 0.695 0.341 0.341 0.082 0.082 1.691 -0.583 1.788 1.391 1.391 1.966 -1.037 1.950 2.209 -0.163 1.648 1.656 0.023 0.815 0.815 
49.000 24.683 25.934 0.891 -0.454 24.544 26.502 24.575 27.557 0.961 0.195 -0.004 -0.005 0.695 0.695 0.341 0.341 0.082 0.082 0.059 2.040 2.041 1.391 1.391 1.966 -0.139 0.568 0.585 -0.108 1.623 1.627 0.070 0.649 0.653 
50.000 25.492 25.346 0.809 -0.588 24.378 24.798 24.977 26.326 0.763 -0.304 -0.022 -0.053 0.695 0.695 0.341 0.341 0.082 0.082 1.157 2.954 3.173 1.391 1.391 1.966 -1.114 -0.548 1.241 -0.515 0.980 1.107 -0.046 0.284 0.288 
51.000 26.199 24.639 0.707 -0.707 26.380 24.602 26.049 25.336 0.848 -0.594 -0.010 -0.071 0.695 0.695 0.341 0.341 0.082 0.082 -0.640 1.420 1.558 1.391 1.391 1.966 0.181 -0.037 0.185 -0.150 0.697 0.713 0.141 0.113 0.181 
52.000 26.787 23.830 0.588 -0.809 25.328 24.087 26.140 24.426 0.576 -0.774 -0.034 -0.074 0.695 0.695 0.341 0.341 0.082 0.082 1.569 0.655 1.700 1.391 1.391 1.966 -1.459 0.257 1.481 -0.647 0.596 0.880 -0.012 0.035 0.037 
53.000 27.241 22.939 0.454 -0.891 26.748 22.217 26.731 22.959 0.547 -1.088 -0.030 -0.090 0.695 0.695 0.341 0.341 0.082 0.082 -0.032 1.434 1.435 1.391 1.391 1.966 -0.493 -0.722 0.874 -0.510 0.020 0.510 0.093 -0.197 0.218 
54.000 27.550 21.988 0.309 -0.951 28.671 21.890 27.951 21.880 0.750 -1.175 -0.005 -0.081 0.695 0.695 0.341 0.341 0.082 0.082 -1.392 -0.020 1.392 1.391 1.391 1.966 1.121 -0.098 1.125 0.401 -0.108 0.415 0.441 -0.224 0.495 
55.000 27.706 21.000 0.156 -0.988 27.413 20.288 28.079 20.504 0.530 -1.326 -0.025 -0.079 0.695 0.695 0.341 0.341 0.082 0.082 1.288 0.417 1.354 1.391 1.391 1.966 -0.293 -0.712 0.770 0.373 -0.496 0.621 0.374 -0.338 0.504 
56.000 27.706 20.000 0.000 -1.000 15.755 13.500 22.403 16.437 -1.645 -2.354 -0.231 -0.164 0.695 0.695 0.341 0.341 0.082 0.082 12.854 5.678 14.052 1.391 1.391 1.966 -11.951 -6.500 13.604 -5.303 -3.563 6.389 -1.645 -1.354 2.131 
57.000 27.706 19.000 0.000 -1.000 28.032 19.897 24.270 16.890 -0.659 -1.546 -0.090 -0.053 0.695 0.695 0.341 0.341 0.082 0.082 -7.273 -5.815 9.312 1.391 1.391 1.966 0.326 0.897 0.954 -3.436 -2.110 4.032 -0.659 -0.546 0.856 
58.000 27.706 18.000 0.000 -1.000 27.323 17.636 25.403 16.451 -0.129 -1.215 -0.021 -0.010 0.695 0.695 0.341 0.341 0.082 0.082 -3.712 -2.292 4.363 1.391 1.391 1.966 -0.383 -0.364 0.528 -2.303 -1.549 2.776 -0.129 -0.215 0.251 
59.000 27.706 17.000 0.000 -1.000 28.642 18.093 26.900 16.615 0.414 -0.748 0.036 0.037 0.695 0.695 0.341 0.341 0.082 0.082 -3.367 -2.858 4.417 1.391 1.391 1.966 0.936 1.093 1.439 -0.806 -0.385 0.893 0.414 0.252 0.485 
60.000 27.706 16.000 0.000 -1.000 27.236 13.214 27.276 14.586 0.437 -1.154 0.031 -0.010 0.695 0.695 0.341 0.341 0.082 0.082 0.078 2.653 2.655 1.391 1.391 1.966 -0.470 -2.786 2.825 -0.430 -1.414 1.478 0.437 -0.154 0.463 
61.000 27.706 15.000 0.000 -1.000 29.309 16.462 28.484 14.895 0.735 -0.657 0.054 0.040 0.695 0.695 0.341 0.341 0.082 0.082 -1.596 -3.030 3.425 1.391 1.391 1.966 1.603 1.462 2.170 0.778 -0.105 0.785 0.735 0.343 0.811 
62.000 27.706 14.000 0.000 -1.000 27.315 12.685 28.299 13.488 0.470 -0.877 0.018 0.011 0.695 0.695 0.341 0.341 0.082 0.082 1.903 1.553 2.456 1.391 1.391 1.966 -0.391 -1.315 1.372 0.593 -0.512 0.784 0.470 0.123 0.486 
63.000 27.706 13.000 0.000 -1.000 28.197 13.649 28.493 13.112 0.392 -0.692 0.007 0.027 0.695 0.695 0.341 0.341 0.082 0.082 0.573 -1.038 1.185 1.391 1.391 1.966 0.491 0.649 0.814 0.787 0.112 0.795 0.392 0.308 0.499 
64.000 27.706 12.000 0.000 -1.000 30.799 18.608 29.809 15.408 0.719 0.370 0.037 0.125 0.695 0.695 0.341 0.341 0.082 0.082 -1.914 -6.187 6.477 1.391 1.391 1.966 3.093 6.608 7.296 2.103 3.408 4.005 0.719 1.370 1.547 
65.000 27.706 11.000 0.000 -1.000 28.777 11.139 29.683 13.538 0.463 -0.281 0.005 0.037 0.695 0.695 0.341 0.341 0.082 0.082 1.751 4.639 4.958 1.391 1.391 1.966 1.071 0.139 1.080 1.977 2.538 3.217 0.463 0.719 0.855 
66.000 27.706 10.000 0.000 -1.000 28.580 8.976 29.390 11.190 0.206 -0.960 -0.021 -0.036 0.695 0.695 0.341 0.341 0.082 0.082 1.566 4.281 4.558 1.391 1.391 1.966 0.874 -1.024 1.346 1.684 1.190 2.062 0.206 0.040 0.210 
67.000 27.706 9.000 0.000 -1.000 29.650 8.525 29.622 9.407 0.194 -1.282 -0.018 -0.060 0.695 0.695 0.341 0.341 0.082 0.082 -0.054 1.705 1.706 1.391 1.391 1.966 1.944 -0.475 2.001 1.916 0.407 1.959 0.194 -0.282 0.342 
68.000 27.706 8.000 0.000 -1.000 24.750 8.668 27.370 8.387 -0.671 -1.251 -0.098 -0.045 0.695 0.695 0.341 0.341 0.082 0.082 5.066 -0.543 5.095 1.391 1.391 1.966 -2.956 0.668 3.031 -0.336 0.387 0.513 -0.671 -0.251 0.717 
69.000 27.706 7.000 0.000 -1.000 26.251 7.666 26.483 7.392 -0.845 -1.208 -0.096 -0.032 0.695 0.695 0.341 0.341 0.082 0.082 0.448 -0.530 0.694 1.391 1.391 1.966 -1.455 0.666 1.600 -1.223 0.392 1.285 -0.845 -0.208 0.870 
70.000 27.706 6.000 0.000 -1.000 27.522 5.152 26.548 5.686 -0.625 -1.413 -0.056 -0.046 0.695 0.695 0.341 0.341 0.082 0.082 -1.884 1.032 2.148 1.391 1.391 1.966 -0.184 -0.848 0.868 -1.158 -0.314 1.200 -0.625 -0.413 0.749 
71.000 27.706 5.000 0.000 -1.000 28.622 5.652 27.226 4.939 -0.230 -1.228 -0.006 -0.019 0.695 0.695 0.341 0.341 0.082 0.082 -2.700 -1.379 3.032 1.391 1.391 1.966 0.916 0.652 1.124 -0.480 -0.061 0.484 -0.230 -0.228 0.324 
72.000 27.550 4.012 -0.156 -0.988 23.765 1.491 25.436 2.639 -0.776 -1.618 -0.058 -0.053 0.695 0.695 0.341 0.341 0.082 0.082 3.231 2.220 3.920 1.391 1.391 1.966 -3.785 -2.521 4.548 -2.114 -1.373 2.521 -0.620 -0.630 0.884 
73.000 27.241 3.061 -0.309 -0.951 28.273 2.867 26.404 1.912 -0.230 -1.362 0.006 -0.018 0.695 0.695 0.341 0.341 0.082 0.082 -3.613 -1.846 4.058 1.391 1.391 1.966 1.032 -0.194 1.050 -0.837 -1.149 1.421 0.079 -0.411 0.419 
74.000 26.787 2.170 -0.454 -0.891 27.491 1.341 26.810 0.932 -0.004 -1.248 0.027 -0.003 0.695 0.695 0.341 0.341 0.082 0.082 -1.317 -0.791 1.536 1.391 1.391 1.966 0.704 -0.829 1.088 0.023 -1.238 1.238 0.450 -0.357 0.575 
75.000 26.199 1.361 -0.588 -0.809 25.366 0.865 26.111 0.254 -0.217 -1.053 0.001 0.016 0.695 0.695 0.341 0.341 0.082 0.082 1.440 -1.181 1.863 1.391 1.391 1.966 -0.833 -0.496 0.969 -0.088 -1.107 1.110 0.371 -0.244 0.444 
76.000 25.492 0.654 -0.707 -0.707 24.986 0.696 25.455 -0.077 -0.368 -0.787 -0.014 0.039 0.695 0.695 0.341 0.341 0.082 0.082 0.907 -1.495 1.749 1.391 1.391 1.966 -0.506 0.042 0.508 -0.037 -0.731 0.732 0.339 -0.080 0.348 
77.000 24.683 0.066 -0.809 -0.588 25.717 -1.467 25.391 -1.155 -0.277 -0.849 -0.002 0.025 0.695 0.695 0.341 0.341 0.082 0.082 -0.630 0.603 0.872 1.391 1.391 1.966 1.034 -1.533 1.849 0.708 -1.221 1.412 0.532 -0.261 0.593 
78.000 23.792 -0.388 -0.891 -0.454 23.725 0.219 24.444 -0.931 -0.511 -0.452 -0.025 0.059 0.695 0.695 0.341 0.341 0.082 0.082 1.390 -2.223 2.622 1.391 1.391 1.966 -0.067 0.607 0.611 0.652 -0.543 0.848 0.380 0.002 0.380 
79.000 22.841 -0.697 -0.951 -0.309 22.994 -0.115 23.479 -0.771 -0.693 -0.181 -0.037 0.074 0.695 0.695 0.341 0.341 0.082 0.082 0.938 -1.268 1.577 1.391 1.391 1.966 0.153 0.582 0.602 0.638 -0.074 0.643 0.258 0.128 0.288 
80.000 21.853 -0.853 -0.988 -0.156 24.760 -3.943 23.739 -2.396 -0.400 -0.608 -0.002 0.018 0.695 0.695 0.341 0.341 0.082 0.082 -1.974 2.992 3.584 1.391 1.391 1.966 2.907 -3.090 4.242 1.886 -1.543 2.437 0.588 -0.452 0.741 
81.000 20.853 -0.853 -1.000 0.000 19.755 1.569 21.609 -0.796 -1.001 0.175 -0.060 0.090 0.695 0.695 0.341 0.341 0.082 0.082 3.584 -4.572 5.810 1.391 1.391 1.966 -1.098 2.422 2.659 0.756 0.057 0.758 -0.001 0.175 0.175 
82.000 19.853 -0.853 -1.000 0.000 21.078 0.186 20.835 -0.231 -0.982 0.400 -0.046 0.094 0.695 0.695 0.341 0.341 0.082 0.082 -0.470 -0.807 0.934 1.391 1.391 1.966 1.225 1.039 1.606 0.982 0.622 1.162 0.018 0.400 0.400 
83.000 18.853 -0.853 -1.000 0.000 20.188 -0.164 20.015 0.008 -0.972 0.438 -0.036 0.079 0.695 0.695 0.341 0.341 0.082 0.082 -0.335 0.332 0.472 1.391 1.391 1.966 1.335 0.689 1.502 1.162 0.861 1.446 0.028 0.438 0.439 
84.000 17.853 -0.853 -1.000 0.000 17.900 -2.238 18.491 -0.850 -1.199 0.069 -0.051 0.028 0.695 0.695 0.341 0.341 0.082 0.082 1.143 2.684 2.917 1.391 1.391 1.966 0.047 -1.385 1.386 0.638 0.003 0.638 -0.199 0.069 0.211 
85.000 16.853 -0.853 -1.000 0.000 19.082 -1.141 18.156 -0.955 -0.951 0.037 -0.017 0.019 0.695 0.695 0.341 0.341 0.082 0.082 -1.790 0.360 1.826 1.391 1.391 1.966 2.229 -0.288 2.248 1.303 -0.102 1.307 0.049 0.037 0.061 
86.000 15.853 -0.853 -1.000 0.000 12.468 -1.637 14.918 -1.265 -1.760 -0.064 -0.092 0.006 0.695 0.695 0.341 0.341 0.082 0.082 4.738 0.719 4.792 1.391 1.391 1.966 -3.385 -0.784 3.475 -0.935 -0.412 1.022 -0.760 -0.064 0.762 
87.000 14.853 -0.853 -1.000 0.000 14.101 -1.133 13.614 -1.235 -1.694 -0.026 -0.067 0.008 0.695 0.695 0.341 0.341 0.082 0.082 -0.942 -0.197 0.963 1.391 1.391 1.966 -0.752 -0.280 0.802 -1.239 -0.382 1.297 -0.694 -0.026 0.694 
88.000 13.853 -0.853 -1.000 0.000 14.448 -1.825 13.140 -1.533 -1.339 -0.112 -0.020 -0.002 0.695 0.695 0.341 0.341 0.082 0.082 -2.528 0.564 2.591 1.391 1.391 1.966 0.595 -0.972 1.140 -0.713 -0.680 0.985 -0.339 -0.112 0.357 
89.000 12.853 -0.853 -1.000 0.000 12.093 -0.565 11.942 -1.124 -1.310 0.067 -0.013 0.016 0.695 0.695 0.341 0.341 0.082 0.082 -0.291 -1.080 1.119 1.391 1.391 1.966 -0.760 0.288 0.813 -0.911 -0.271 0.950 -0.310 0.067 0.317 
90.000 11.853 -0.853 -1.000 0.000 12.546 -1.795 11.556 -1.413 -1.003 -0.041 0.019 0.002 0.695 0.695 0.341 0.341 0.082 0.082 -1.913 0.738 2.051 1.391 1.391 1.966 0.693 -0.942 1.169 -0.297 -0.560 0.634 -0.003 -0.041 0.041 
91.000 10.853 -0.853 -1.000 0.000 11.243 -0.158 10.887 -0.828 -0.868 0.179 0.029 0.023 0.695 0.695 0.341 0.341 0.082 0.082 -0.689 -1.296 1.468 1.391 1.391 1.966 0.390 0.695 0.797 0.034 0.025 0.042 0.132 0.179 0.222 
92.000 9.853 -0.853 -1.000 0.000 9.514 0.580 9.775 -0.056 -0.924 0.407 0.018 0.041 0.695 0.695 0.341 0.341 0.082 0.082 0.504 -1.230 1.329 1.391 1.391 1.966 -0.339 1.433 1.473 -0.078 0.797 0.801 0.076 0.407 0.414 
93.000 8.853 -0.853 -1.000 0.000 9.391 -0.133 9.112 0.118 -0.816 0.367 0.025 0.029 0.695 0.695 0.341 0.341 0.082 0.082 -0.540 0.484 0.725 1.391 1.391 1.966 0.538 0.720 0.899 0.259 0.971 1.004 0.184 0.367 0.411 
94.000 7.853 -0.853 -1.000 0.000 8.459 1.186 8.375 0.823 -0.764 0.513 0.025 0.037 0.695 0.695 0.341 0.341 0.082 0.082 -0.163 -0.701 0.720 1.391 1.391 1.966 0.606 2.039 2.127 0.522 1.676 1.756 0.236 0.513 0.565 
95.000 6.853 -0.853 -1.000 0.000 8.628 -1.333 8.102 0.048 -0.569 0.104 0.039 -0.010 0.695 0.695 0.341 0.341 0.082 0.082 -1.018 2.670 2.857 1.391 1.391 1.966 1.775 -0.480 1.839 1.249 0.901 1.540 0.431 0.104 0.443 
96.000 5.853 -0.853 -1.000 0.000 -6.754 -4.563 0.635 -2.124 -2.920 -0.694 -0.197 -0.085 0.695 0.695 0.341 0.341 0.082 0.082 14.287 4.715 15.045 1.391 1.391 1.966 -12.607 -3.710 13.142 -5.218 -1.271 5.371 -1.920 -0.694 2.041 
97.000 4.853 -0.853 -1.000 0.000 5.233 -0.260 1.345 -1.583 -1.859 -0.351 -0.055 -0.035 0.695 0.695 0.341 0.341 0.082 0.082 -7.518 -2.558 7.941 1.391 1.391 1.966 0.380 0.593 0.704 -3.508 -0.730 3.583 -0.859 -0.351 0.928 
98.000 3.853 -0.853 -1.000 0.000 4.550 -1.337 1.931 -1.646 -1.068 -0.287 0.032 -0.022 0.695 0.695 0.341 0.341 0.082 0.082 -5.064 -0.597 5.100 1.391 1.391 1.966 0.697 -0.484 0.849 -1.922 -0.793 2.079 -0.068 -0.287 0.294 
99.000 2.853 -0.853 -1.000 0.000 2.739 -2.660 1.769 -2.284 -0.721 -0.430 0.060 -0.032 0.695 0.695 0.341 0.341 0.082 0.082 -1.876 0.727 2.012 1.391 1.391 1.966 -0.114 -1.807 1.811 -1.084 -1.431 1.795 0.279 -0.430 0.513 
