0.000 0.000 0.000 0.000 0.000 -1.392 0.204 -1.390 0.204 -0.014 0.002 0.000 0.000 0.999 0.999 3.147 3.147 0.017 0.017 1.392 -0.204 1.407 30.163 30.163 42.657 -1.392 0.204 1.407 -1.390 0.204 1.405 -0.014 0.002 0.014 
1.000 0.000 1.000 0.000 1.000 -1.045 3.279 -1.075 3.021 0.286 2.564 0.000 0.000 0.957 0.957 1.292 1.292 0.000 0.000 -0.359 -3.073 3.094 3.453 3.453 4.883 -1.045 2.279 2.507 -1.075 2.021 2.289 0.286 1.564 1.590 
2.000 0.000 2.000 0.000 1.000 -0.858 2.385 -0.845 2.994 0.253 1.030 0.000 0.000 0.900 0.900 0.702 0.702 0.000 0.000 0.069 3.200 3.201 2.292 2.292 3.241 -0.858 0.385 0.940 -0.845 0.994 1.305 0.253 0.030 0.255 
3.000 0.000 3.000 0.000 1.000 -1.099 2.683 -0.944 3.094 0.099 0.624 0.000 0.000 0.833 0.833 0.473 0.473 0.000 0.000 0.507 1.341 1.434 1.806 1.806 2.554 -1.099 -0.317 1.144 -0.944 0.094 0.948 0.099 -0.376 0.389 
4.000 0.000 4.000 0.000 1.000 0.538 4.152 -0.010 3.980 0.396 0.717 0.000 0.000 0.777 0.777 0.371 0.371 0.000 0.000 -1.382 -0.434 1.448 1.588 1.588 2.246 0.538 0.152 0.559 -0.010 -0.020 0.022 0.396 -0.283 0.487 
5.000 0.000 5.000 0.000 1.000 -1.065 4.564 -0.396 4.625 0.151 0.695 0.000 0.000 0.734 0.734 0.325 0.325 0.000 0.000 1.451 0.133 1.457 1.473 1.473 2.083 -1.065 -0.436 1.151 -0.396 -0.375 0.545 0.151 -0.305 0.340 
6.000 0.000 6.000 0.000 1.000 -1.011 4.570 -0.625 4.948 0.039 0.585 0.000 0.000 0.704 0.704 0.305 0.305 0.000 0.000 0.765 0.750 1.071 1.408 1.408 1.991 -1.011 -1.430 1.751 -0.625 -1.052 1.224 0.039 -0.415 0.417 
7.000 0.000 7.000 0.000 1.000 -0.157 9.360 -0.385 7.326 0.097 1.102 0.000 0.000 0.684 0.684 0.298 0.298 0.000 0.000 -0.429 -3.827 3.851 1.371 1.371 1.940 -0.157 2.360 2.365 -0.385 0.326 0.504 0.097 0.102 0.141 
8.000 0.000 8.000 0.000 1.000 -1.584 6.504 -0.875 7.557 -0.073 0.851 0.000 0.000 0.673 0.673 0.296 0.296 0.000 0.000 1.296 1.924 2.319 1.352 1.352 1.912 -1.584 -1.496 2.179 -0.875 -0.443 0.981 -0.073 -0.149 0.166 
9.000 0.000 9.000 0.000 1.000 0.799 8.386 -0.170 8.398 0.154 0.848 0.000 0.000 0.667 0.667 0.296 0.296 0.000 0.000 -1.747 0.021 1.747 1.342 1.342 1.898 0.799 -0.614 1.008 -0.170 -0.602 0.626 0.154 -0.152 0.216 
10.000 0.000 10.000 0.000 1.000 -1.208 9.839 -0.543 9.508 -0.001 0.925 0.000 0.000 0.665 0.665 0.296 0.296 0.000 0.000 1.191 -0.593 1.331 1.338 1.338 1.893 -1.208 -0.161 1.219 -0.543 -0.492 0.733 -0.001 -0.075 0.075 
11.000 0.000 11.000 0.000 1.000 0.785 9.523 0.042 10.032 0.172 0.807 0.000 0.000 0.664 0.664 0.295 0.295 0.000 0.000 -1.329 0.910 1.610 1.337 1.337 1.891 0.785 -1.477 1.673 0.042 -0.968 0.969 0.172 -0.193 0.258 
12.000 0.000 12.000 0.000 1.000 1.226 12.342 0.660 11.501 0.303 1.002 0.000 0.000 0.664 0.664 0.295 0.295 0.000 0.000 -1.012 -1.504 1.813 1.337 1.337 1.891 1.226 0.342 1.273 0.660 -0.499 0.827 0.303 0.002 0.303 
13.000 0.000 13.000 0.000 1.000 -0.880 13.535 0.151 12.957 0.064 1.136 0.000 0.000 0.664 0.664 0.295 0.295 0.000 0.000 1.843 -1.032 2.112 1.337 1.337 1.891 -0.880 0.535 1.030 0.151 -0.043 0.157 0.064 0.136 0.150 
14.000 0.000 14.000 0.000 1.000 -2.088 14.557 -0.799 14.298 -0.235 1.196 0.000 0.000 0.664 0.664 0.295 0.295 0.000 0.000 2.303 -0.464 2.349 1.337 1.337 1.891 -2.088 0.557 2.161 -0.799 0.298 0.853 -0.235 0.196 0.306 
15.000 0.000 15.000 0.000 1.000 1.510 15.147 0.086 15.341 0.095 1.151 0.000 0.000 0.664 0.664 0.295 0.295 0.000 0.000 -2.544 0.347 2.568 1.337 1.337 1.890 1.510 0.147 1.517 0.086 0.341 0.352 0.095 0.151 0.179 
16.000 0.000 16.000 0.000 1.000 3.918 18.766 1.827 17.493 0.580 1.446 0.000 0.000 0.664 0.664 0.295 0.295 0.000 0.000 -3.737 -2.274 4.374 1.337 1.337 1.890 3.918 2.766 4.796 1.827 1.493 2.359 0.580 0.446 0.731 
17.000 0.000 17.000 0.000 1.000 -0.812 17.072 0.989 18.117 0.162 1.204 0.000 0.000 0.664 0.664 0.295 0.295 0.000 0.000 3.218 1.867 3.721 1.337 1.337 1.890 -0.812 0.072 0.815 0.989 1.117 1.492 0.162 0.204 0.261 
18.000 0.000 18.000 0.000 1.000 -1.926 16.171 -0.203 17.934 -0.236 0.796 0.000 0.000 0.663 0.663 0.295 0.295 0.000 0.000 3.078 3.150 4.404 1.337 1.337 1.890 -1.926 -1.829 2.656 -0.203 -0.066 0.213 -0.236 -0.204 0.313 
19.000 0.000 19.000 0.000 1.000 -0.891 19.736 -0.638 19.173 -0.295 0.926 0.000 0.000 0.663 0.663 0.295 0.295 0.000 0.000 0.451 -1.006 1.103 1.337 1.337 1.890 -0.891 0.736 1.156 -0.638 0.173 0.661 -0.295 -0.074 0.304 
20.000 0.000 20.000 0.000 1.000 -0.794 20.753 -0.872 20.387 -0.277 1.011 0.000 0.000 0.663 0.663 0.295 0.295 0.000 0.000 -0.139 -0.654 0.669 1.337 1.337 1.890 -0.794 0.753 1.094 -0.872 0.387 0.954 -0.277 0.011 0.277 
21.000 0.000 21.000 0.000 1.000 1.213 19.185 -0.109 20.424 0.029 0.724 0.000 0.000 0.663 0.663 0.295 0.295 0.000 0.000 -2.362 2.213 3.236 1.337 1.337 1.890 1.213 -1.815 2.183 -0.109 -0.576 0.587 0.029 -0.276 0.277 
22.000 0.156 21.988 0.156 0.988 1.109 21.185 0.443 21.164 0.183 0.729 0.000 0.000 0.663 0.663 0.295 0.295 0.000 0.000 -1.189 -0.037 1.190 1.337 1.337 1.890 0.953 -0.803 1.246 0.287 -0.824 0.873 0.027 -0.259 0.261 
23.000 0.465 22.939 0.309 0.951 0.306 22.597 0.485 22.203 0.142 0.820 0.000 0.000 0.663 0.663 0.295 0.295 0.000 0.000 0.321 -0.704 0.774 1.337 1.337 1.890 -0.159 -0.342 0.377 0.020 -0.736 0.736 -0.167 -0.131 0.212 
24.000 0.919 23.830 0.454 0.891 4.045 18.862 0.654 22.991 0.150 0.811 0.000 0.000 0.883 0.883 0.341 0.341 0.000 0.000 -3.418 4.161 5.385 1.337 1.337 1.890 3.126 -4.968 5.870 -0.265 -0.839 0.880 -0.304 -0.080 0.315 
25.000 1.507 24.639 0.588 0.809 2.410 27.251 1.728 25.787 0.396 1.339 0.000 0.000 0.759 0.759 0.302 0.302 0.000 0.000 -1.607 -3.450 3.806 1.535 1.535 2.171 0.903 2.612 2.764 0.221 1.148 1.169 -0.192 0.530 0.564 
26.000 2.214 25.346 0.707 0.707 1.367 26.248 1.751 26.693 0.296 1.224 0.000 0.000 0.702 0.702 0.295 0.295 0.000 0.000 0.757 0.878 1.159 1.405 1.405 1.986 -0.847 0.902 1.237 -0.463 1.347 1.424 -0.411 0.517 0.660 
27.000 3.023 25.934 0.809 0.588 2.450 26.607 2.231 27.318 0.347 1.058 0.000 0.000 0.676 0.676 0.296 0.296 0.000 0.000 -0.403 1.310 1.370 1.358 1.358 1.920 -0.573 0.673 0.884 -0.792 1.384 1.594 -0.462 0.470 0.659 
28.000 3.914 26.388 0.891 0.454 2.778 26.450 2.667 27.521 0.373 0.813 0.000 0.000 0.666 0.666 0.297 0.297 0.000 0.000 -0.199 1.926 1.936 1.341 1.341 1.896 -1.136 0.062 1.138 -1.247 1.133 1.685 -0.518 0.359 0.630 
29.000 4.865 26.697 0.951 0.309 5.267 25.785 4.021 27.211 0.660 0.484 0.000 0.000 0.664 0.664 0.297 0.297 0.000 0.000 -2.227 2.549 3.385 1.337 1.337 1.890 0.402 -0.912 0.997 -0.844 0.514 0.989 -0.291 0.175 0.339 
30.000 5.853 26.853 0.988 0.156 5.777 26.740 5.164 27.275 0.803 0.359 0.000 0.000 0.664 0.664 0.297 0.297 0.000 0.000 -1.096 0.955 1.454 1.337 1.337 1.890 -0.076 -0.113 0.136 -0.689 0.422 0.808 -0.185 0.203 0.275 
31.000 6.853 26.853 1.000 0.000 6.743 24.839 6.309 26.401 0.904 -0.005 0.000 0.000 0.664 0.664 0.296 0.296 0.000 0.000 -0.777 2.795 2.901 1.337 1.337 1.891 -0.110 -2.014 2.017 -0.544 -0.452 0.707 -0.096 -0.005 0.096 
32.000 7.853 26.853 1.000 0.000 11.939 31.791 7.250 26.439 0.915 0.007 0.000 0.000 0.885 0.885 0.342 0.342 0.000 0.000 -4.726 -5.395 7.172 1.338 1.338 1.892 4.086 4.938 6.409 -0.603 -0.414 0.732 -0.085 0.007 0.085 
33.000 8.853 26.853 1.000 0.000 7.807 26.836 7.959 26.671 0.860 0.067 0.000 0.000 0.760 0.760 0.302 0.302 0.000 0.000 0.358 -0.390 0.529 1.537 1.537 2.174 -1.046 -0.017 1.046 -0.894 -0.182 0.913 -0.140 0.067 0.155 
34.000 9.853 26.853 1.000 0.000 9.671 27.218 9.240 26.975 0.972 0.131 0.000 0.000 0.703 0.703 0.295 0.295 0.000 0.000 -0.852 -0.480 0.978 1.406 1.406 1.988 -0.182 0.365 0.408 -0.613 0.122 0.626 -0.028 0.131 0.133 
35.000 10.853 26.853 1.000 0.000 10.397 27.954 10.297 27.494 0.996 0.238 0.000 0.000 0.677 0.677 0.296 0.296 0.000 0.000 -0.185 -0.848 0.868 1.358 1.358 1.921 -0.456 1.101 1.192 -0.556 0.641 0.849 -0.004 0.238 0.238 
36.000 11.853 26.853 1.000 0.000 12.352 27.417 11.763 27.592 1.131 0.198 0.000 0.000 0.666 0.666 0.297 0.297 0.000 0.000 -1.060 0.315 1.106 1.341 1.341 1.897 0.499 0.564 0.753 -0.090 0.739 0.745 0.131 0.198 0.237 
37.000 12.853 26.853 1.000 0.000 12.589 28.074 12.759 27.915 1.091 0.235 0.000 0.000 0.664 0.664 0.297 0.297 0.000 0.000 0.305 -0.284 0.416 1.337 1.337 1.891 -0.264 1.221 1.249 -0.094 1.062 1.066 0.091 0.235 0.252 
38.000 13.853 26.853 1.000 0.000 14.310 27.960 14.053 28.066 1.151 0.210 0.000 0.000 0.664 0.664 0.297 0.297 0.000 0.000 -0.459 0.190 0.497 1.337 1.337 1.891 0.457 1.107 1.198 0.200 1.213 1.229 0.151 0.210 0.259 
39.000 14.853 26.853 1.000 0.000 12.387 24.827 13.962 26.755 0.784 -0.240 0.000 0.000 0.664 0.664 0.296 0.296 0.000 0.000 2.817 3.449 4.453 1.337 1.337 1.891 -2.466 -2.026 3.192 -0.891 -0.098 0.897 -0.216 -0.240 0.323 
40.000 15.853 26.853 1.000 0.000 16.360 16.867 14.758 26.439 0.787 -0.262 0.000 0.000 0.885 0.885 0.342 0.342 0.000 0.000 -1.614 9.648 9.782 1.338 1.338 1.892 0.507 -9.986 9.999 -1.095 -0.414 1.170 -0.213 -0.262 0.338 
41.000 16.853 26.853 1.000 0.000 18.567 27.281 17.289 26.814 1.252 -0.093 0.000 0.000 0.760 0.760 0.302 0.302 0.000 0.000 -3.021 -1.104 3.217 1.537 1.537 2.174 1.714 0.428 1.767 0.436 -0.039 0.437 0.252 -0.093 0.269 
42.000 17.853 26.853 1.000 0.000 17.204 27.692 17.881 27.201 1.076 0.035 0.000 0.000 0.703 0.703 0.295 0.295 0.000 0.000 1.337 -0.971 1.652 1.406 1.406 1.988 -0.649 0.839 1.061 0.028 0.348 0.349 0.076 0.035 0.084 
43.000 18.853 26.853 1.000 0.000 17.924 26.501 18.484 26.900 0.945 -0.058 0.000 0.000 0.677 0.677 0.296 0.296 0.000 0.000 1.033 0.735 1.268 1.358 1.358 1.921 -0.929 -0.352 0.993 -0.369 0.047 0.372 -0.055 -0.058 0.080 
44.000 19.853 26.853 1.000 0.000 20.773 27.993 20.026 27.353 1.117 0.089 0.000 0.000 0.666 0.666 0.297 0.297 0.000 0.000 -1.344 -1.151 1.769 1.341 1.341 1.897 0.920 1.140 1.465 0.173 0.500 0.529 0.117 0.089 0.147 
45.000 20.853 26.853 1.000 0.000 18.797 26.605 20.110 27.073 0.814 -0.019 0.000 0.000 0.664 0.664 0.297 0.297 0.000 0.000 2.346 0.837 2.490 1.337 1.337 1.891 -2.056 -0.248 2.071 -0.743 0.220 0.775 -0.186 -0.019 0.187 
46.000 21.853 26.853 1.000 0.000 22.267 28.117 21.515 27.522 0.989 0.119 0.000 0.000 0.664 0.664 0.297 0.297 0.000 0.000 -1.344 -1.063 1.713 1.337 1.337 1.891 0.414 1.264 1.330 -0.338 0.669 0.750 -0.011 0.119 0.120 
47.000 22.841 26.697 0.988 -0.156 24.035 26.047 23.179 26.938 1.188 -0.089 0.000 0.000 0.664 0.664 0.296 0.296 0.000 0.000 -1.531 1.594 2.211 1.337 1.337 1.891 1.194 -0.650 1.359 0.338 0.241 0.415 0.200 0.067 0.211 
48.000 23.792 26.388 0.951 -0.309 22.755 28.338 23.656 27.506 0.978 0.105 0.000 0.000 0.664 0.664 0.296 0.296 0.000 0.000 1.612 -1.489 2.194 1.338 1.338 1.892 -1.037 1.950 2.209 -0.136 1.118 1.126 0.027 0.414 0.415 
49.000 24.683 25.934 0.891 -0.454 24.544 26.502 24.594 27.122 0.967 -0.039 0.000 0.000 0.664 0.664 0.295 0.295 0.000 0.000 0.090 1.109 1.113 1.338 1.338 1.892 -0.139 0.568 0.585 -0.089 1.188 1.191 0.076 0.415 0.422 
50.000 25.492 25.346 0.809 -0.588 24.378 24.798 25.040 26.076 0.813 -0.336 0.000 0.000 0.664 0.664 0.295 0.295 0.000 0.000 1.183 2.285 2.573 1.337 1.337 1.891 -1.114 -0.548 1.241 -0.452 0.730 0.859 0.004 0.252 0.252 
51.000 26.199 24.639 0.707 -0.707 26.380 24.602 26.085 25.239 0.881 -0.483 0.000 0.000 0.664 0.664 0.295 0.295 0.000 0.000 -0.528 1.138 1.254 1.337 1.337 1.891 0.181 -0.037 0.185 -0.114 0.600 0.610 0.174 0.224 0.284 
52.000 26.787 23.830 0.588 -0.809 25.328 24.087 26.245 24.461 0.669 -0.570 0.000 0.000 0.664 0.664 0.295 0.295 0.000 0.000 1.638 0.668 1.769 1.337 1.337 1.890 -1.459 0.257 1.481 -0.542 0.631 0.832 0.081 0.239 0.252 
53.000 27.241 22.939 0.454 -0.891 26.748 22.217 26.841 23.154 0.648 -0.787 0.000 0.000 0.664 0.664 0.295 0.295 0.000 0.000 0.166 1.674 1.682 1.337 1.337 1.890 -0.493 -0.722 0.874 -0.400 0.215 0.454 0.194 0.104 0.220 
54.000 27.550 21.988 0.309 -0.951 28.671 21.890 28.009 22.157 0.801 -0.849 0.000 0.000 0.663 0.663 0.295 0.295 0.000 0.000 -1.183 0.477 1.275 1.337 1.337 1.890 1.121 -0.098 1.125 0.459 0.169 0.489 0.492 0.102 0.502 
55.000 27.706 21.000 0.156 -0.988 27.413 20.288 28.195 20.859 0.620 -0.981 0.000 0.000 0.663 0.663 0.295 0.295 0.000 0.000 1.397 1.020 1.730 1.337 1.337 1.890 -0.293 -0.712 0.770 0.489 -0.141 0.509 0.464 0.007 0.464 
56.000 27.706 20.000 0.000 -1.000 15.755 13.500 28.713 19.829 0.590 -0.996 0.000 0.000 0.883 0.883 0.341 0.341 0.000 0.000 13.060 6.378 14.534 1.337 1.337 1.890 -11.951 -6.500 13.604 1.007 -0.171 1.021 0.590 0.004 0.590 
57.000 27.706 19.000 0.000 -1.000 28.032 19.897 28.571 19.445 0.395 -0.833 0.000 0.000 0.759 0.759 0.302 0.302 0.000 0.000 1.271 -1.064 1.657 1.535 1.535 2.171 0.326 0.897 0.954 0.865 0.445 0.973 0.395 0.167 0.429 
58.000 27.706 18.000 0.000 -1.000 27.323 17.636 28.156 18.131 0.179 -0.961 0.000 0.000 0.702 0.702 0.295 0.295 0.000 0.000 1.643 0.977 1.912 1.405 1.405 1.986 -0.383 -0.364 0.528 0.450 0.131 0.469 0.179 0.039 0.183 
59.000 27.706 17.000 0.000 -1.000 28.642 18.093 28.475 17.592 0.218 -0.844 0.000 0.000 0.676 0.676 0.296 0.296 0.000 0.000 -0.307 -0.923 0.973 1.358 1.358 1.920 0.936 1.093 1.439 0.769 0.592 0.971 0.218 0.156 0.268 
60.000 27.706 16.000 0.000 -1.000 27.236 13.214 28.047 15.180 0.032 -1.294 0.000 0.000 0.666 0.666 0.297 0.297 0.000 0.000 1.457 3.534 3.823 1.341 1.341 1.896 -0.470 -2.786 2.825 0.341 -0.820 0.888 0.032 -0.294 0.296 
61.000 27.706 15.000 0.000 -1.000 29.309 16.462 28.621 15.020 0.191 -0.962 0.000 0.000 0.664 0.664 0.297 0.297 0.000 0.000 -1.230 -2.577 2.855 1.337 1.337 1.890 1.603 1.462 2.170 0.915 0.020 0.915 0.191 0.038 0.195 
62.000 27.706 14.000 0.000 -1.000 27.315 12.685 28.153 13.454 -0.004 -1.140 0.000 0.000 0.664 0.664 0.297 0.297 0.000 0.000 1.497 1.373 2.031 1.337 1.337 1.890 -0.391 -1.315 1.372 0.447 -0.546 0.706 -0.004 -0.140 0.140 
63.000 27.706 13.000 0.000 -1.000 28.197 13.649 28.170 12.902 0.003 -0.966 0.000 0.000 0.664 0.664 0.296 0.296 0.000 0.000 -0.048 -1.336 1.337 1.337 1.337 1.891 0.491 0.649 0.814 0.464 -0.098 0.474 0.003 0.034 0.034 
64.000 27.706 12.000 0.000 -1.000 30.799 18.608 28.193 11.988 0.009 -0.951 0.000 0.000 0.885 0.885 0.342 0.342 0.000 0.000 -2.626 -6.672 7.170 1.338 1.338 1.892 3.093 6.608 7.296 0.487 -0.012 0.487 0.009 0.049 0.050 
65.000 27.706 11.000 0.000 -1.000 28.777 11.139 28.534 11.096 0.097 -0.935 0.000 0.000 0.760 0.760 0.302 0.302 0.000 0.000 -0.575 -0.101 0.584 1.537 1.537 2.174 1.071 0.139 1.080 0.828 0.096 0.833 0.097 0.065 0.117 
66.000 27.706 10.000 0.000 -1.000 28.580 8.976 28.606 9.576 0.090 -1.091 0.000 0.000 0.703 0.703 0.295 0.295 0.000 0.000 0.051 1.185 1.186 1.406 1.406 1.988 0.874 -1.024 1.346 0.900 -0.424 0.995 0.090 -0.091 0.128 
67.000 27.706 9.000 0.000 -1.000 29.650 8.525 29.133 8.503 0.211 -1.086 0.000 0.000 0.677 0.677 0.296 0.296 0.000 0.000 -0.954 -0.040 0.955 1.358 1.358 1.921 1.944 -0.475 2.001 1.427 -0.497 1.511 0.211 -0.086 0.228 
68.000 27.706 8.000 0.000 -1.000 24.750 8.668 29.308 7.427 0.201 -1.083 0.000 0.000 0.890 0.890 0.342 0.342 0.000 0.000 4.594 -1.251 4.761 1.341 1.341 1.897 -2.956 0.668 3.031 1.602 -0.573 1.701 0.201 -0.083 0.217 
69.000 27.706 7.000 0.000 -1.000 26.251 7.666 27.629 7.107 -0.294 -0.882 0.000 0.000 0.760 0.760 0.304 0.304 0.000 0.000 3.258 -1.322 3.516 1.537 1.537 2.174 -1.455 0.666 1.600 -0.077 0.107 0.132 -0.294 0.118 0.317 
70.000 27.706 6.000 0.000 -1.000 27.522 5.152 27.427 5.696 -0.270 -1.023 0.000 0.000 0.702 0.702 0.297 0.297 0.000 0.000 -0.187 1.072 1.089 1.405 1.405 1.987 -0.184 -0.848 0.868 -0.279 -0.304 0.413 -0.270 -0.023 0.271 
71.000 27.706 5.000 0.000 -1.000 28.622 5.652 27.828 5.121 -0.083 -0.899 0.000 0.000 0.677 0.677 0.297 0.297 0.000 0.000 -1.464 -0.980 1.762 1.358 1.358 1.921 0.916 0.652 1.124 0.122 0.121 0.172 -0.083 0.101 0.131 
72.000 27.550 4.012 -0.156 -0.988 23.765 1.491 27.713 4.201 -0.092 -0.905 0.000 0.000 0.891 0.891 0.343 0.343 0.000 0.000 3.980 2.731 4.827 1.342 1.342 1.898 -3.785 -2.521 4.548 0.163 0.189 0.249 0.064 0.083 0.105 
73.000 27.241 3.061 -0.309 -0.951 28.273 2.867 27.998 3.048 0.007 -0.970 0.000 0.000 0.760 0.760 0.304 0.304 0.000 0.000 -0.652 0.429 0.781 1.539 1.539 2.177 1.032 -0.194 1.050 0.757 -0.013 0.757 0.316 -0.019 0.317 
74.000 26.787 2.170 -0.454 -0.891 27.491 1.341 27.751 1.714 -0.061 -1.067 0.000 0.000 0.703 0.703 0.297 0.297 0.000 0.000 0.514 0.737 0.898 1.406 1.406 1.988 0.704 -0.829 1.088 0.964 -0.456 1.067 0.393 -0.176 0.431 
75.000 26.199 1.361 -0.588 -0.809 25.366 0.865 26.625 0.747 -0.357 -1.039 0.000 0.000 0.677 0.677 0.297 0.297 0.000 0.000 2.325 -0.218 2.335 1.359 1.359 1.921 -0.833 -0.496 0.969 0.426 -0.614 0.748 0.231 -0.230 0.327 
76.000 25.492 0.654 -0.707 -0.707 24.986 0.696 25.698 0.147 -0.521 -0.913 0.000 0.000 0.667 0.667 0.298 0.298 0.000 0.000 1.283 -0.989 1.620 1.342 1.342 1.898 -0.506 0.042 0.508 0.206 -0.507 0.547 0.186 -0.206 0.277 
77.000 24.683 0.066 -0.809 -0.588 25.717 -1.467 25.415 -1.075 -0.451 -1.004 0.000 0.000 0.664 0.664 0.298 0.298 0.000 0.000 -0.540 0.701 0.885 1.338 1.338 1.892 1.034 -1.533 1.849 0.732 -1.141 1.356 0.358 -0.416 0.549 
78.000 23.792 -0.388 -0.891 -0.454 23.725 0.219 24.418 -1.065 -0.613 -0.704 0.000 0.000 0.664 0.664 0.297 0.297 0.000 0.000 1.239 -2.298 2.611 1.338 1.338 1.892 -0.067 0.607 0.611 0.626 -0.677 0.922 0.278 -0.250 0.374 
79.000 22.841 -0.697 -0.951 -0.309 22.994 -0.115 23.447 -1.039 -0.719 -0.488 0.000 0.000 0.664 0.664 0.296 0.296 0.000 0.000 0.811 -1.654 1.842 1.338 1.338 1.892 0.153 0.582 0.602 0.606 -0.342 0.696 0.232 -0.179 0.293 
80.000 21.853 -0.853 -0.988 -0.156 24.760 -3.943 23.625 -2.594 -0.454 -0.803 0.000 0.000 0.664 0.664 0.296 0.296 0.000 0.000 -2.032 2.416 3.157 1.338 1.338 1.892 2.907 -3.090 4.242 1.772 -1.741 2.484 0.534 -0.647 0.839 
81.000 20.853 -0.853 -1.000 0.000 19.755 1.569 23.145 -3.358 -0.462 -0.791 0.000 0.000 0.885 0.885 0.342 0.342 0.000 0.000 3.417 -4.965 6.027 1.338 1.338 1.892 -1.098 2.422 2.659 2.292 -2.505 3.395 0.538 -0.791 0.957 
82.000 19.853 -0.853 -1.000 0.000 21.078 0.186 21.758 -1.649 -0.708 -0.126 0.000 0.000 0.759 0.759 0.302 0.302 0.000 0.000 1.605 -4.335 4.623 1.537 1.537 2.174 1.225 1.039 1.606 1.905 -0.796 2.064 0.292 -0.126 0.318 
83.000 18.853 -0.853 -1.000 0.000 20.188 -0.164 20.624 -0.980 -0.821 0.086 0.000 0.000 0.703 0.703 0.295 0.295 0.000 0.000 0.861 -1.611 1.827 1.405 1.405 1.987 1.335 0.689 1.502 1.771 -0.127 1.776 0.179 0.086 0.198 
84.000 17.853 -0.853 -1.000 0.000 17.900 -2.238 18.932 -1.509 -1.062 -0.084 0.000 0.000 0.676 0.676 0.296 0.296 0.000 0.000 1.903 1.345 2.330 1.358 1.358 1.920 0.047 -1.385 1.386 1.079 -0.656 1.263 -0.062 -0.084 0.105 
85.000 16.853 -0.853 -1.000 0.000 19.082 -1.141 18.408 -1.392 -0.908 -0.027 0.000 0.000 0.666 0.666 0.297 0.297 0.000 0.000 -1.212 -0.452 1.294 1.341 1.341 1.896 2.229 -0.288 2.248 1.555 -0.539 1.646 0.092 -0.027 0.096 
86.000 15.853 -0.853 -1.000 0.000 12.468 -1.637 17.461 -1.420 -0.919 -0.027 0.000 0.000 0.884 0.884 0.343 0.343 0.000 0.000 5.032 0.218 5.037 1.337 1.337 1.890 -3.385 -0.784 3.475 1.608 -0.567 1.705 0.081 -0.027 0.085 
87.000 14.853 -0.853 -1.000 0.000 14.101 -1.133 15.137 -1.266 -1.294 0.021 0.000 0.000 0.759 0.759 0.304 0.304 0.000 0.000 2.440 -0.315 2.460 1.535 1.535 2.171 -0.752 -0.280 0.802 0.284 -0.413 0.501 -0.294 0.021 0.295 
88.000 13.853 -0.853 -1.000 0.000 14.448 -1.825 14.141 -1.531 -1.214 -0.055 0.000 0.000 0.703 0.703 0.296 0.296 0.000 0.000 -0.605 0.580 0.838 1.405 1.405 1.987 0.595 -0.972 1.140 0.288 -0.678 0.737 -0.214 -0.055 0.221 
89.000 12.853 -0.853 -1.000 0.000 12.093 -0.565 12.545 -1.119 -1.320 0.075 0.000 0.000 0.677 0.677 0.297 0.297 0.000 0.000 0.834 -1.022 1.319 1.358 1.358 1.921 -0.760 0.288 0.813 -0.308 -0.266 0.407 -0.320 0.075 0.329 
90.000 11.853 -0.853 -1.000 0.000 12.546 -1.795 11.812 -1.378 -1.151 -0.021 0.000 0.000 0.667 0.667 0.298 0.298 0.000 0.000 -1.321 0.751 1.520 1.342 1.342 1.898 0.693 -0.942 1.169 -0.041 -0.525 0.526 -0.151 -0.021 0.153 
91.000 10.853 -0.853 -1.000 0.000 11.243 -0.158 10.918 -0.852 -1.076 0.139 0.000 0.000 0.664 0.664 0.298 0.298 0.000 0.000 -0.582 -1.241 1.371 1.337 1.337 1.891 0.390 0.695 0.797 0.065 0.001 0.065 -0.076 0.139 0.159 
92.000 9.853 -0.853 -1.000 0.000 9.514 0.580 9.697 -0.143 -1.119 0.308 0.000 0.000 0.664 0.664 0.297 0.297 0.000 0.000 0.328 -1.293 1.334 1.337 1.337 1.891 -0.339 1.433 1.473 -0.156 0.710 0.727 -0.119 0.308 0.330 
93.000 8.853 -0.853 -1.000 0.000 9.391 -0.133 8.937 0.033 -1.013 0.269 0.000 0.000 0.664 0.664 0.296 0.296 0.000 0.000 -0.812 0.298 0.865 1.338 1.338 1.892 0.538 0.720 0.899 0.084 0.886 0.890 -0.013 0.269 0.269 
94.000 7.853 -0.853 -1.000 0.000 8.459 1.186 8.160 0.692 -0.943 0.384 0.000 0.000 0.664 0.664 0.296 0.296 0.000 0.000 -0.535 -0.884 1.033 1.338 1.338 1.892 0.606 2.039 2.127 0.307 1.545 1.575 0.057 0.384 0.388 
95.000 6.853 -0.853 -1.000 0.000 8.628 -1.333 7.840 0.013 -0.760 0.071 0.000 0.000 0.664 0.664 0.295 0.295 0.000 0.000 -1.411 2.409 2.792 1.338 1.338 1.892 1.775 -0.480 1.839 0.987 0.866 1.313 0.240 0.071 0.251 
96.000 5.853 -0.853 -1.000 0.000 -6.754 -4.563 6.972 0.048 -0.791 0.060 0.000 0.000 0.884 0.884 0.341 0.341 0.000 0.000 13.834 4.647 14.594 1.337 1.337 1.891 -12.607 -3.710 13.142 1.119 0.901 1.436 0.209 0.060 0.217 
97.000 4.853 -0.853 -1.000 0.000 5.233 -0.260 5.635 -0.104 -0.937 0.004 0.000 0.000 0.759 0.759 0.302 0.302 0.000 0.000 0.947 0.368 1.016 1.536 1.536 2.172 0.380 0.593 0.704 0.782 0.749 1.082 0.063 0.004 0.063 
98.000 3.853 -0.853 -1.000 0.000 4.550 -1.337 4.625 -0.711 -0.956 -0.159 0.000 0.000 0.702 0.702 0.295 0.295 0.000 0.000 0.148 1.236 1.245 1.405 1.405 1.987 0.697 -0.484 0.849 0.772 0.142 0.785 0.044 -0.159 0.165 
99.000 2.853 -0.853 -1.000 0.000 2.739 -2.660 3.243 -1.689 -1.074 -0.386 0.000 0.000 0.676 0.676 0.296 0.296 0.000 0.000 0.930 1.790 2.017 1.358 1.358 1.920 -0.114 -1.807 1.811 0.390 -0.836 0.922 -0.074 -0.386 0.393 
