0.000 0.000 0.000 0.000 0.000 -1.392 0.204 -0.116 0.017 -0.007 0.001 0.000 0.000 0.289 0.289 0.104 0.104 0.043 0.043 1.392 -0.204 1.407 1.044 1.044 1.477 -1.392 0.204 1.407 -0.116 0.017 0.117 -0.007 0.001 0.007 
1.000 0.000 1.000 0.000 1.000 -1.045 3.279 -0.211 0.327 -0.026 0.067 -0.001 0.003 0.308 0.308 0.156 0.156 0.058 0.058 0.922 -3.261 3.389 1.051 1.051 1.486 -1.045 2.279 2.507 -0.211 -0.673 0.705 -0.026 -0.933 0.934 
2.000 0.000 2.000 0.000 1.000 -0.858 2.385 -0.322 0.668 -0.056 0.162 -0.003 0.009 0.371 0.371 0.206 0.206 0.067 0.067 0.621 -1.991 2.086 1.077 1.077 1.523 -0.858 0.385 0.940 -0.322 -1.332 1.370 -0.056 -0.838 0.839 
3.000 0.000 3.000 0.000 1.000 -1.099 2.683 -0.533 1.228 -0.118 0.324 -0.008 0.022 0.463 0.463 0.250 0.250 0.073 0.073 0.721 -1.853 1.988 1.128 1.128 1.596 -1.099 -0.317 1.144 -0.533 -1.772 1.850 -0.118 -0.676 0.686 
4.000 0.000 4.000 0.000 1.000 0.538 4.152 -0.287 2.348 0.012 0.649 0.006 0.049 0.553 0.553 0.282 0.282 0.077 0.077 -1.189 -2.600 2.859 1.201 1.201 1.698 0.538 0.152 0.559 -0.287 -1.652 1.676 0.012 -0.351 0.351 
5.000 0.000 5.000 0.000 1.000 -1.065 4.564 -0.576 3.596 -0.092 0.916 -0.005 0.066 0.618 0.618 0.301 0.301 0.079 0.079 0.791 -1.567 1.755 1.272 1.272 1.799 -1.065 -0.436 1.151 -0.576 -1.404 1.518 -0.092 -0.084 0.124 
6.000 0.000 6.000 0.000 1.000 -1.011 4.570 -0.815 4.537 -0.149 0.991 -0.010 0.060 0.655 0.655 0.313 0.313 0.081 0.081 0.343 -0.058 0.348 1.323 1.323 1.872 -1.011 -1.430 1.751 -0.815 -1.463 1.675 -0.149 -0.009 0.149 
7.000 0.000 7.000 0.000 1.000 -0.157 9.360 -0.598 7.265 -0.033 1.650 0.004 0.114 0.673 0.673 0.321 0.321 0.082 0.082 -0.807 -3.832 3.916 1.352 1.352 1.913 -0.157 2.360 2.365 -0.598 0.265 0.654 -0.033 0.650 0.650 
8.000 0.000 8.000 0.000 1.000 -1.584 6.504 -1.074 7.794 -0.181 1.380 -0.012 0.064 0.682 0.682 0.327 0.327 0.082 0.082 0.953 2.410 2.592 1.367 1.367 1.933 -1.584 -1.496 2.179 -1.074 -0.206 1.093 -0.181 0.380 0.421 
9.000 0.000 9.000 0.000 1.000 0.799 8.386 -0.287 8.803 0.139 1.317 0.022 0.045 0.686 0.686 0.332 0.332 0.082 0.082 -2.053 0.788 2.199 1.375 1.375 1.944 0.799 -0.614 1.008 -0.287 -0.197 0.349 0.139 0.317 0.346 
10.000 0.000 10.000 0.000 1.000 -1.208 9.839 -0.652 9.987 -0.012 1.316 0.003 0.036 0.689 0.689 0.336 0.336 0.082 0.082 1.059 0.281 1.096 1.380 1.380 1.951 -1.208 -0.161 1.219 -0.652 -0.013 0.652 -0.012 0.316 0.316 
11.000 0.000 11.000 0.000 1.000 0.785 9.523 0.028 10.453 0.230 1.058 0.026 0.003 0.691 0.691 0.338 0.338 0.082 0.082 -1.448 1.780 2.295 1.384 1.384 1.957 0.785 -1.477 1.673 0.028 -0.547 0.548 0.230 0.058 0.237 
12.000 0.000 12.000 0.000 1.000 1.226 12.342 0.723 11.910 0.417 1.200 0.039 0.017 0.693 0.693 0.339 0.339 0.082 0.082 -0.968 -0.831 1.275 1.386 1.386 1.961 1.226 0.342 1.273 0.723 -0.090 0.728 0.417 0.200 0.462 
13.000 0.000 13.000 0.000 1.000 -0.880 13.535 0.168 13.314 0.120 1.287 0.003 0.022 0.694 0.694 0.340 0.340 0.082 0.082 2.020 -0.425 2.064 1.388 1.388 1.963 -0.880 0.535 1.030 0.168 0.314 0.356 0.120 0.287 0.311 
14.000 0.000 14.000 0.000 1.000 -2.088 14.557 -0.857 14.580 -0.274 1.302 -0.036 0.019 0.694 0.694 0.340 0.340 0.082 0.082 2.376 0.045 2.376 1.389 1.389 1.965 -2.088 0.557 2.161 -0.857 0.580 1.035 -0.274 0.302 0.408 
15.000 0.000 15.000 0.000 1.000 1.510 15.147 0.142 15.528 0.130 1.198 0.010 0.005 0.694 0.694 0.340 0.340 0.082 0.082 -2.642 0.735 2.742 1.390 1.390 1.965 1.510 0.147 1.517 0.142 0.528 0.546 0.130 0.198 0.237 
16.000 0.000 16.000 0.000 1.000 3.918 18.766 2.031 17.710 0.749 1.544 0.068 0.038 0.695 0.695 0.340 0.340 0.082 0.082 -3.645 -2.040 4.177 1.390 1.390 1.966 3.918 2.766 4.796 2.031 1.710 2.655 0.749 0.544 0.926 
17.000 0.000 17.000 0.000 1.000 -0.812 17.072 1.047 18.201 0.218 1.217 0.003 -0.001 0.695 0.695 0.341 0.341 0.082 0.082 3.593 2.182 4.204 1.390 1.390 1.966 -0.812 0.072 0.815 1.047 1.201 1.594 0.218 0.217 0.307 
18.000 0.000 18.000 0.000 1.000 -1.926 16.171 -0.275 17.851 -0.312 0.673 -0.049 -0.054 0.695 0.695 0.341 0.341 0.082 0.082 3.191 3.247 4.553 1.390 1.390 1.966 -1.926 -1.829 2.656 -0.275 -0.149 0.312 -0.312 -0.327 0.452 
19.000 0.000 19.000 0.000 1.000 -0.891 19.736 -0.734 19.109 -0.412 0.822 -0.049 -0.029 0.695 0.695 0.341 0.341 0.082 0.082 0.304 -1.211 1.249 1.390 1.390 1.966 -0.891 0.736 1.156 -0.734 0.109 0.742 -0.412 -0.178 0.449 
20.000 0.000 20.000 0.000 1.000 -0.794 20.753 -0.976 20.328 -0.402 0.930 -0.038 -0.013 0.695 0.695 0.341 0.341 0.082 0.082 -0.352 -0.822 0.894 1.390 1.390 1.966 -0.794 0.753 1.094 -0.976 0.328 1.030 -0.402 -0.070 0.408 
21.000 0.000 21.000 0.000 1.000 1.213 19.185 -0.127 20.257 -0.007 0.571 0.008 -0.045 0.695 0.695 0.341 0.341 0.082 0.082 -2.591 2.073 3.318 1.390 1.390 1.966 1.213 -1.815 2.183 -0.127 -0.743 0.753 -0.007 -0.429 0.429 
22.000 0.156 21.988 0.156 0.988 1.109 21.185 0.466 21.001 0.208 0.586 0.027 -0.035 0.695 0.695 0.341 0.341 0.082 0.082 -1.244 -0.357 1.294 1.390 1.390 1.966 0.953 -0.803 1.246 0.310 -0.987 1.035 0.052 -0.402 0.406 
23.000 0.465 22.939 0.309 0.951 0.306 22.597 0.496 22.074 0.174 0.720 0.018 -0.015 0.695 0.695 0.341 0.341 0.082 0.082 0.368 -1.011 1.076 1.390 1.390 1.966 -0.159 -0.342 0.377 0.031 -0.865 0.865 -0.135 -0.231 0.268 
24.000 0.919 23.830 0.454 0.891 4.045 18.862 0.701 22.758 0.203 0.692 0.018 -0.015 0.962 0.962 0.411 0.411 0.085 0.085 -3.375 3.932 5.182 1.390 1.390 1.966 3.126 -4.968 5.870 -0.218 -1.072 1.094 -0.251 -0.199 0.320 
25.000 1.507 24.639 0.588 0.809 2.410 27.251 1.859 25.861 0.523 1.441 0.043 0.056 0.796 0.796 0.352 0.352 0.083 0.083 -1.506 -3.801 4.088 1.654 1.654 2.339 0.903 2.612 2.764 0.352 1.222 1.272 -0.065 0.632 0.636 
26.000 2.214 25.346 0.707 0.707 1.367 26.248 1.837 26.736 0.394 1.318 0.023 0.034 0.733 0.733 0.341 0.341 0.082 0.082 1.015 1.055 1.464 1.470 1.470 2.078 -0.847 0.902 1.237 -0.377 1.390 1.440 -0.313 0.611 0.687 
27.000 3.023 25.934 0.809 0.588 2.450 26.607 2.340 27.333 0.452 1.115 0.024 0.008 0.706 0.706 0.342 0.342 0.083 0.083 -0.219 1.447 1.464 1.412 1.412 1.996 -0.573 0.673 0.884 -0.683 1.399 1.557 -0.357 0.527 0.637 
28.000 3.914 26.388 0.891 0.454 2.778 26.450 2.785 27.479 0.474 0.794 0.021 -0.025 0.696 0.696 0.345 0.345 0.083 0.083 0.014 1.999 1.999 1.394 1.394 1.971 -1.136 0.062 1.138 -1.129 1.091 1.570 -0.417 0.340 0.538 
29.000 4.865 26.697 0.951 0.309 5.267 25.785 4.229 27.072 0.832 0.353 0.052 -0.063 0.695 0.695 0.346 0.346 0.083 0.083 -2.008 2.489 3.197 1.391 1.391 1.966 0.402 -0.912 0.997 -0.636 0.375 0.739 -0.119 0.044 0.127 
30.000 5.853 26.853 0.988 0.156 5.777 26.740 5.407 27.094 1.005 0.175 0.058 -0.067 0.696 0.696 0.346 0.346 0.083 0.083 -0.717 0.685 0.991 1.392 1.392 1.969 -0.076 -0.113 0.136 -0.446 0.241 0.507 0.017 0.019 0.025 
31.000 6.853 26.853 1.000 0.000 6.743 24.839 6.573 26.090 1.119 -0.304 0.058 -0.101 0.696 0.696 0.344 0.344 0.082 0.082 -0.331 2.429 2.452 1.393 1.393 1.971 -0.110 -2.014 2.017 -0.280 -0.763 0.813 0.119 -0.304 0.327 
32.000 7.853 26.853 1.000 0.000 11.939 31.791 7.732 25.842 1.191 -0.385 0.054 -0.089 0.966 0.966 0.414 0.414 0.085 0.085 -4.247 -6.005 7.355 1.394 1.394 1.971 4.086 4.938 6.409 -0.121 -1.011 1.018 0.191 -0.385 0.430 
33.000 8.853 26.853 1.000 0.000 7.807 26.836 8.212 26.335 1.019 -0.195 0.028 -0.055 0.798 0.798 0.353 0.353 0.083 0.083 1.116 -1.379 1.774 1.660 1.660 2.347 -1.046 -0.017 1.046 -0.641 -0.518 0.824 0.019 -0.195 0.196 
34.000 9.853 26.853 1.000 0.000 9.671 27.218 9.468 26.720 1.122 -0.066 0.032 -0.033 0.734 0.734 0.341 0.341 0.082 0.082 -0.440 -1.078 1.164 1.472 1.472 2.081 -0.182 0.365 0.408 -0.385 -0.133 0.407 0.122 -0.066 0.139 
35.000 10.853 26.853 1.000 0.000 10.397 27.954 10.494 27.302 1.123 0.113 0.026 -0.010 0.706 0.706 0.342 0.342 0.083 0.083 0.193 -1.300 1.314 1.412 1.412 1.998 -0.456 1.101 1.192 -0.359 0.449 0.575 0.123 0.113 0.167 
36.000 11.853 26.853 1.000 0.000 12.352 27.417 11.973 27.416 1.270 0.104 0.035 -0.009 0.697 0.697 0.345 0.345 0.083 0.083 -0.735 -0.002 0.735 1.394 1.394 1.971 0.499 0.564 0.753 0.120 0.563 0.576 0.270 0.104 0.289 
37.000 12.853 26.853 1.000 0.000 12.589 28.074 12.927 27.787 1.195 0.188 0.021 0.001 0.695 0.695 0.346 0.346 0.083 0.083 0.654 -0.554 0.857 1.391 1.391 1.967 -0.264 1.221 1.249 0.074 0.934 0.937 0.195 0.188 0.271 
38.000 13.853 26.853 1.000 0.000 14.310 27.960 14.213 27.968 1.248 0.187 0.022 0.001 0.696 0.696 0.346 0.346 0.083 0.083 -0.188 0.015 0.188 1.392 1.392 1.969 0.457 1.107 1.198 0.360 1.115 1.172 0.248 0.187 0.310 
39.000 14.853 26.853 1.000 0.000 12.387 24.827 13.970 26.541 0.749 -0.376 -0.031 -0.054 0.696 0.696 0.344 0.344 0.082 0.082 3.074 3.328 4.530 1.393 1.393 1.971 -2.466 -2.026 3.192 -0.883 -0.312 0.937 -0.251 -0.376 0.452 
40.000 15.853 26.853 1.000 0.000 16.360 16.867 14.734 26.078 0.723 -0.460 -0.027 -0.051 0.966 0.966 0.415 0.415 0.085 0.085 -1.641 9.298 9.441 1.394 1.394 1.971 0.507 -9.986 9.999 -1.119 -0.775 1.361 -0.277 -0.460 0.537 
41.000 16.853 26.853 1.000 0.000 18.567 27.281 17.438 26.677 1.325 -0.175 0.032 -0.016 0.798 0.798 0.353 0.353 0.083 0.083 -3.110 -1.663 3.527 1.660 1.660 2.348 1.714 0.428 1.767 0.585 -0.176 0.611 0.325 -0.175 0.369 
42.000 17.853 26.853 1.000 0.000 17.204 27.692 17.924 27.143 1.091 0.011 0.005 0.004 0.734 0.734 0.341 0.341 0.082 0.082 1.559 -1.190 1.961 1.472 1.472 2.081 -0.649 0.839 1.061 0.071 0.290 0.298 0.091 0.011 0.092 
43.000 18.853 26.853 1.000 0.000 17.924 26.501 18.471 26.828 0.918 -0.091 -0.013 -0.007 0.706 0.706 0.343 0.343 0.083 0.083 1.091 0.653 1.272 1.413 1.413 1.998 -0.929 -0.352 0.993 -0.382 -0.025 0.383 -0.082 -0.091 0.123 
44.000 19.853 26.853 1.000 0.000 20.773 27.993 20.060 27.346 1.133 0.109 0.011 0.014 0.697 0.697 0.345 0.345 0.083 0.083 -1.384 -1.256 1.869 1.394 1.394 1.971 0.920 1.140 1.465 0.207 0.493 0.535 0.133 0.109 0.172 
45.000 20.853 26.853 1.000 0.000 18.797 26.605 20.036 27.045 0.742 -0.019 -0.029 -0.001 0.695 0.695 0.346 0.346 0.083 0.083 2.396 0.850 2.543 1.391 1.391 1.967 -2.056 -0.248 2.071 -0.817 0.192 0.839 -0.258 -0.019 0.259 
46.000 21.853 26.853 1.000 0.000 22.267 28.117 21.499 27.554 0.965 0.164 -0.002 0.017 0.696 0.696 0.346 0.346 0.083 0.083 -1.489 -1.092 1.846 1.392 1.392 1.969 0.414 1.264 1.330 -0.354 0.701 0.785 -0.035 0.164 0.168 
47.000 22.841 26.697 0.988 -0.156 24.035 26.047 23.226 26.907 1.229 -0.102 0.024 -0.012 0.696 0.696 0.344 0.344 0.082 0.082 -1.572 1.671 2.294 1.393 1.393 1.971 1.194 -0.650 1.359 0.385 0.210 0.438 0.241 0.054 0.247 
48.000 23.792 26.388 0.951 -0.309 22.755 28.338 23.630 27.549 0.966 0.145 -0.006 0.014 0.697 0.697 0.343 0.343 0.082 0.082 1.699 -1.533 2.289 1.394 1.394 1.971 -1.037 1.950 2.209 -0.162 1.161 1.172 0.015 0.454 0.454 
49.000 24.683 25.934 0.891 -0.454 24.544 26.502 24.571 27.116 0.951 -0.042 -0.006 -0.007 0.696 0.696 0.342 0.342 0.082 0.082 0.051 1.191 1.192 1.393 1.393 1.970 -0.139 0.568 0.585 -0.112 1.182 1.187 0.060 0.412 0.416 
50.000 25.492 25.346 0.809 -0.588 24.378 24.798 24.968 25.973 0.753 -0.430 -0.024 -0.043 0.696 0.696 0.341 0.341 0.082 0.082 1.143 2.276 2.547 1.392 1.392 1.969 -1.114 -0.548 1.241 -0.524 0.627 0.817 -0.056 0.158 0.168 
51.000 26.199 24.639 0.707 -0.707 26.380 24.602 26.039 25.088 0.839 -0.630 -0.011 -0.054 0.695 0.695 0.341 0.341 0.082 0.082 -0.659 0.940 1.149 1.391 1.391 1.968 0.181 -0.037 0.185 -0.160 0.449 0.476 0.132 0.077 0.152 
52.000 26.787 23.830 0.588 -0.809 25.328 24.087 26.129 24.279 0.568 -0.746 -0.035 -0.054 0.695 0.695 0.341 0.341 0.082 0.082 1.550 0.370 1.594 1.391 1.391 1.967 -1.459 0.257 1.481 -0.658 0.449 0.796 -0.020 0.063 0.066 
53.000 27.241 22.939 0.454 -0.891 26.748 22.217 26.722 22.897 0.542 -1.021 -0.031 -0.070 0.695 0.695 0.341 0.341 0.082 0.082 -0.050 1.315 1.316 1.391 1.391 1.967 -0.493 -0.722 0.874 -0.519 -0.042 0.521 0.088 -0.130 0.156 
54.000 27.550 21.988 0.309 -0.951 28.671 21.890 27.943 21.883 0.746 -1.089 -0.005 -0.063 0.695 0.695 0.341 0.341 0.082 0.082 -1.407 -0.013 1.408 1.391 1.391 1.966 1.121 -0.098 1.125 0.393 -0.105 0.407 0.437 -0.138 0.458 
55.000 27.706 21.000 0.156 -0.988 27.413 20.288 28.073 20.550 0.528 -1.237 -0.025 -0.065 0.695 0.695 0.341 0.341 0.082 0.082 1.276 0.506 1.373 1.391 1.391 1.967 -0.293 -0.712 0.770 0.367 -0.450 0.581 0.372 -0.249 0.447 
56.000 27.706 20.000 0.000 -1.000 15.755 13.500 28.482 19.260 0.461 -1.320 -0.027 -0.060 0.962 0.962 0.412 0.412 0.085 0.085 12.846 5.813 14.100 1.391 1.391 1.967 -11.951 -6.500 13.604 0.776 -0.740 1.072 0.461 -0.320 0.562 
57.000 27.706 19.000 0.000 -1.000 28.032 19.897 28.365 19.181 0.252 -0.987 -0.040 -0.019 0.797 0.797 0.352 0.352 0.083 0.083 0.911 -1.958 2.159 1.654 1.654 2.339 0.326 0.897 0.954 0.659 0.181 0.684 0.252 0.013 0.252 
58.000 27.706 18.000 0.000 -1.000 27.323 17.636 27.922 17.894 -0.009 -1.101 -0.056 -0.026 0.733 0.733 0.341 0.341 0.082 0.082 1.294 0.558 1.409 1.470 1.470 2.079 -0.383 -0.364 0.528 0.216 -0.106 0.240 -0.009 -0.101 0.101 
59.000 27.706 17.000 0.000 -1.000 28.642 18.093 28.276 17.441 0.054 -0.914 -0.040 -0.003 0.706 0.706 0.343 0.343 0.083 0.083 -0.729 -1.299 1.490 1.412 1.412 1.997 0.936 1.093 1.439 0.570 0.441 0.721 0.054 0.086 0.101 
60.000 27.706 16.000 0.000 -1.000 27.236 13.214 27.800 14.920 -0.166 -1.463 -0.053 -0.055 0.696 0.696 0.345 0.345 0.083 0.083 1.094 3.313 3.489 1.394 1.394 1.971 -0.470 -2.786 2.825 0.094 -1.080 1.084 -0.166 -0.463 0.492 
61.000 27.706 15.000 0.000 -1.000 29.309 16.462 28.443 14.908 0.062 -1.015 -0.020 -0.001 0.695 0.695 0.346 0.346 0.083 0.083 -1.675 -3.005 3.441 1.391 1.391 1.967 1.603 1.462 2.170 0.737 -0.092 0.742 0.062 -0.015 0.064 
62.000 27.706 14.000 0.000 -1.000 27.315 12.685 27.929 13.308 -0.160 -1.220 -0.038 -0.021 0.696 0.696 0.346 0.346 0.083 0.083 1.189 1.208 1.695 1.392 1.392 1.969 -0.391 -1.315 1.372 0.223 -0.692 0.727 -0.160 -0.220 0.272 
63.000 27.706 13.000 0.000 -1.000 28.197 13.649 27.977 12.845 -0.125 -0.977 -0.027 0.007 0.696 0.696 0.344 0.344 0.082 0.082 -0.428 -1.561 1.619 1.393 1.393 1.971 0.491 0.649 0.814 0.271 -0.155 0.312 -0.125 0.023 0.127 
64.000 27.706 12.000 0.000 -1.000 30.799 18.608 27.879 11.931 -0.143 -0.948 -0.023 0.008 0.966 0.966 0.414 0.414 0.085 0.085 -2.948 -6.740 7.356 1.394 1.394 1.971 3.093 6.608 7.296 0.173 -0.069 0.186 -0.143 0.052 0.152 
65.000 27.706 11.000 0.000 -1.000 28.777 11.139 28.399 11.083 0.044 -0.908 -0.002 0.010 0.798 0.798 0.353 0.353 0.083 0.083 -1.041 -0.155 1.052 1.660 1.660 2.347 1.071 0.139 1.080 0.693 0.083 0.698 0.044 0.092 0.102 
66.000 27.706 10.000 0.000 -1.000 28.580 8.976 28.517 9.529 0.065 -1.102 0.000 -0.009 0.734 0.734 0.341 0.341 0.082 0.082 -0.137 1.199 1.206 1.472 1.472 2.081 0.874 -1.024 1.346 0.811 -0.471 0.938 0.065 -0.102 0.121 
67.000 27.706 9.000 0.000 -1.000 29.650 8.525 29.115 8.476 0.239 -1.095 0.016 -0.007 0.706 0.706 0.342 0.342 0.083 0.083 -1.068 -0.097 1.072 1.412 1.412 1.998 1.944 -0.475 2.001 1.409 -0.524 1.503 0.239 -0.095 0.258 
68.000 27.706 8.000 0.000 -1.000 24.750 8.668 27.120 8.006 -0.502 -0.890 -0.058 0.014 0.697 0.697 0.345 0.345 0.083 0.083 4.604 -1.287 4.781 1.394 1.394 1.971 -2.956 0.668 3.031 -0.586 0.006 0.586 -0.502 0.110 0.514 
69.000 27.706 7.000 0.000 -1.000 26.251 7.666 26.441 7.381 -0.622 -0.784 -0.058 0.022 0.695 0.695 0.346 0.346 0.083 0.083 0.367 -0.550 0.662 1.391 1.391 1.967 -1.455 0.666 1.600 -1.265 0.381 1.321 -0.622 0.216 0.658 
70.000 27.706 6.000 0.000 -1.000 27.522 5.152 26.643 5.898 -0.392 -1.006 -0.025 -0.004 0.696 0.696 0.346 0.346 0.083 0.083 -1.703 1.446 2.234 1.392 1.392 1.969 -0.184 -0.848 0.868 -1.063 -0.102 1.068 -0.392 -0.006 0.392 
71.000 27.706 5.000 0.000 -1.000 28.622 5.652 27.401 5.261 -0.015 -0.882 0.017 0.009 0.696 0.696 0.344 0.344 0.082 0.082 -2.371 -0.760 2.490 1.393 1.393 1.971 0.916 0.652 1.124 -0.305 0.261 0.401 -0.015 0.118 0.119 
72.000 27.550 4.012 -0.156 -0.988 23.765 1.491 25.629 2.978 -0.610 -1.361 -0.044 -0.039 0.697 0.697 0.343 0.343 0.082 0.082 3.621 2.888 4.632 1.394 1.394 1.971 -3.785 -2.521 4.548 -1.921 -1.034 2.181 -0.454 -0.373 0.587 
73.000 27.241 3.061 -0.309 -0.951 28.273 2.867 26.596 2.223 -0.107 -1.190 0.013 -0.015 0.696 0.696 0.342 0.342 0.082 0.082 -3.254 -1.250 3.485 1.393 1.393 1.970 1.032 -0.194 1.050 -0.645 -0.838 1.057 0.202 -0.239 0.313 
74.000 26.787 2.170 -0.454 -0.891 27.491 1.341 26.974 1.182 0.074 -1.153 0.028 -0.008 0.696 0.696 0.341 0.341 0.082 0.082 -1.001 -0.308 1.048 1.392 1.392 1.969 0.704 -0.829 1.088 0.187 -0.988 1.005 0.528 -0.262 0.590 
75.000 26.199 1.361 -0.588 -0.809 25.366 0.865 26.235 0.433 -0.179 -1.022 -0.002 0.006 0.695 0.695 0.341 0.341 0.082 0.082 1.683 -0.836 1.879 1.391 1.391 1.968 -0.833 -0.496 0.969 0.036 -0.928 0.929 0.409 -0.213 0.461 
76.000 25.492 0.654 -0.707 -0.707 24.986 0.696 25.539 0.032 -0.360 -0.801 -0.019 0.026 0.695 0.695 0.341 0.341 0.082 0.082 1.070 -1.285 1.672 1.391 1.391 1.967 -0.506 0.042 0.508 0.047 -0.622 0.624 0.347 -0.094 0.360 
77.000 24.683 0.066 -0.809 -0.588 25.717 -1.467 25.439 -1.106 -0.289 -0.892 -0.008 0.012 0.695 0.695 0.341 0.341 0.082 0.082 -0.537 0.698 0.881 1.391 1.391 1.967 1.034 -1.533 1.849 0.756 -1.172 1.395 0.520 -0.304 0.602 
78.000 23.792 -0.388 -0.891 -0.454 23.725 0.219 24.462 -0.927 -0.536 -0.509 -0.031 0.047 0.695 0.695 0.341 0.341 0.082 0.082 1.425 -2.217 2.635 1.391 1.391 1.966 -0.067 0.607 0.611 0.670 -0.539 0.860 0.355 -0.055 0.359 
79.000 22.841 -0.697 -0.951 -0.309 22.994 -0.115 23.476 -0.798 -0.723 -0.241 -0.043 0.064 0.695 0.695 0.341 0.341 0.082 0.082 0.932 -1.321 1.617 1.391 1.391 1.967 0.153 0.582 0.602 0.635 -0.101 0.643 0.228 0.068 0.238 
80.000 21.853 -0.853 -0.988 -0.156 24.760 -3.943 23.722 -2.441 -0.430 -0.663 -0.006 0.010 0.695 0.695 0.341 0.341 0.082 0.082 -2.007 2.904 3.530 1.391 1.391 1.967 2.907 -3.090 4.242 1.869 -1.588 2.453 0.558 -0.507 0.754 
81.000 20.853 -0.853 -1.000 0.000 19.755 1.569 23.260 -3.061 -0.447 -0.638 -0.006 0.011 0.962 0.962 0.412 0.412 0.085 0.085 3.538 -4.673 5.861 1.391 1.391 1.967 -1.098 2.422 2.659 2.407 -2.208 3.266 0.553 -0.638 0.844 
82.000 19.853 -0.853 -1.000 0.000 21.078 0.186 21.712 -1.234 -0.802 0.154 -0.037 0.080 0.797 0.797 0.352 0.352 0.083 0.083 1.735 -3.885 4.254 1.654 1.654 2.339 1.225 1.039 1.606 1.859 -0.381 1.898 0.198 0.154 0.251 
83.000 18.853 -0.853 -1.000 0.000 20.188 -0.164 20.522 -0.588 -0.962 0.389 -0.045 0.086 0.733 0.733 0.341 0.341 0.082 0.082 0.722 -0.916 1.167 1.470 1.470 2.079 1.335 0.689 1.502 1.669 0.265 1.690 0.038 0.389 0.391 
84.000 17.853 -0.853 -1.000 0.000 17.900 -2.238 18.733 -1.215 -1.277 0.142 -0.066 0.046 0.706 0.706 0.342 0.342 0.083 0.083 1.660 2.039 2.629 1.412 1.412 1.997 0.047 -1.385 1.386 0.880 -0.362 0.952 -0.277 0.142 0.312 
85.000 16.853 -0.853 -1.000 0.000 19.082 -1.141 18.244 -1.106 -1.075 0.177 -0.033 0.040 0.696 0.696 0.345 0.345 0.083 0.083 -1.626 0.068 1.628 1.394 1.394 1.971 2.229 -0.288 2.248 1.391 -0.253 1.414 -0.075 0.177 0.192 
86.000 15.853 -0.853 -1.000 0.000 12.468 -1.637 14.899 -1.271 -1.896 0.099 -0.106 0.025 0.695 0.695 0.346 0.346 0.083 0.083 4.701 0.708 4.754 1.391 1.391 1.967 -3.385 -0.784 3.475 -0.954 -0.418 1.041 -0.896 0.099 0.901 
87.000 14.853 -0.853 -1.000 0.000 14.101 -1.133 13.535 -1.153 -1.817 0.130 -0.078 0.023 0.696 0.696 0.346 0.346 0.083 0.083 -1.098 -0.039 1.098 1.392 1.392 1.969 -0.752 -0.280 0.802 -1.318 -0.300 1.352 -0.817 0.130 0.827 
88.000 13.853 -0.853 -1.000 0.000 14.448 -1.825 13.042 -1.412 -1.432 0.017 -0.025 0.007 0.696 0.696 0.344 0.344 0.082 0.082 -2.730 0.802 2.845 1.393 1.393 1.971 0.595 -0.972 1.140 -0.811 -0.559 0.985 -0.432 0.017 0.432 
89.000 12.853 -0.853 -1.000 0.000 12.093 -0.565 11.844 -0.992 -1.376 0.165 -0.015 0.020 0.697 0.697 0.343 0.343 0.082 0.082 -0.483 -0.830 0.960 1.394 1.394 1.971 -0.760 0.288 0.813 -1.009 -0.139 1.018 -0.376 0.165 0.410 
90.000 11.853 -0.853 -1.000 0.000 12.546 -1.795 11.475 -1.296 -1.041 0.022 0.020 0.003 0.696 0.696 0.342 0.342 0.082 0.082 -2.077 0.967 2.292 1.393 1.393 1.970 0.693 -0.942 1.169 -0.378 -0.443 0.582 -0.041 0.022 0.047 
91.000 10.853 -0.853 -1.000 0.000 11.243 -0.158 10.826 -0.734 -0.885 0.212 0.031 0.020 0.696 0.696 0.341 0.341 0.082 0.082 -0.809 -1.116 1.378 1.392 1.392 1.969 0.390 0.695 0.797 -0.027 0.119 0.122 0.115 0.212 0.241 
92.000 9.853 -0.853 -1.000 0.000 9.514 0.580 9.734 0.011 -0.925 0.417 0.021 0.036 0.695 0.695 0.341 0.341 0.082 0.082 0.426 -1.102 1.182 1.391 1.391 1.967 -0.339 1.433 1.473 -0.119 0.864 0.872 0.075 0.417 0.423 
93.000 8.853 -0.853 -1.000 0.000 9.391 -0.133 9.090 0.157 -0.807 0.359 0.029 0.023 0.695 0.695 0.341 0.341 0.082 0.082 -0.582 0.560 0.808 1.391 1.391 1.967 0.538 0.720 0.899 0.237 1.010 1.037 0.193 0.359 0.408 
94.000 7.853 -0.853 -1.000 0.000 8.459 1.186 8.368 0.839 -0.749 0.495 0.029 0.032 0.695 0.695 0.341 0.341 0.082 0.082 -0.176 -0.670 0.693 1.391 1.391 1.967 0.606 2.039 2.127 0.515 1.692 1.769 0.251 0.495 0.555 
95.000 6.853 -0.853 -1.000 0.000 8.628 -1.333 8.106 0.046 -0.551 0.081 0.042 -0.015 0.695 0.695 0.341 0.341 0.082 0.082 -1.008 2.667 2.851 1.391 1.391 1.966 1.775 -0.480 1.839 1.253 0.899 1.543 0.449 0.081 0.456 
96.000 5.853 -0.853 -1.000 0.000 -6.754 -4.563 7.423 0.084 -0.555 0.051 0.033 -0.015 0.962 0.962 0.412 0.412 0.085 0.085 14.309 4.690 15.058 1.391 1.391 1.967 -12.607 -3.710 13.142 1.570 0.937 1.828 0.445 0.051 0.448 
97.000 4.853 -0.853 -1.000 0.000 5.233 -0.260 5.831 -0.116 -0.850 -0.043 0.001 -0.020 0.796 0.796 0.352 0.352 0.083 0.083 1.635 0.395 1.682 1.654 1.654 2.339 0.380 0.593 0.704 0.978 0.737 1.224 0.150 -0.043 0.156 
98.000 3.853 -0.853 -1.000 0.000 4.550 -1.337 4.749 -0.791 -0.923 -0.263 -0.006 -0.036 0.733 0.733 0.341 0.341 0.082 0.082 0.430 1.179 1.255 1.470 1.470 2.079 0.697 -0.484 0.849 0.896 0.062 0.898 0.077 -0.263 0.274 
99.000 2.853 -0.853 -1.000 0.000 2.739 -2.660 3.285 -1.855 -1.106 -0.562 -0.022 -0.057 0.706 0.706 0.343 0.343 0.083 0.083 1.088 1.605 1.939 1.412 1.412 1.997 -0.114 -1.807 1.811 0.432 -1.002 1.091 -0.106 -0.562 0.572 
