0.000 0.000 0.000 0.000 0.000 -1.392 0.204 -1.390 0.204 -0.014 0.002 0.000 0.000 0.999 0.999 3.297 3.297 0.902 0.902 1.392 -0.204 1.407 30.163 30.163 42.657 -1.392 0.204 1.407 -1.390 0.204 1.405 -0.014 0.002 0.015 
1.000 0.000 1.000 0.000 1.000 -1.045 3.279 -1.073 3.041 0.328 2.928 0.022 0.192 0.960 0.960 1.668 1.668 0.781 0.781 -0.360 -3.073 3.094 3.591 3.591 5.078 -1.045 2.279 2.507 -1.073 2.041 2.306 0.328 1.928 1.956 
2.000 0.000 2.000 0.000 1.000 -0.858 2.385 -0.841 2.927 0.264 0.371 0.007 -0.235 0.921 0.921 1.432 1.432 0.641 0.641 0.113 3.584 3.586 2.571 2.571 3.636 -0.858 0.385 0.940 -0.841 0.927 1.252 0.264 -0.629 0.682 
3.000 0.000 3.000 0.000 1.000 -1.099 2.683 -1.003 2.796 -0.123 -0.328 -0.061 -0.291 0.903 0.903 1.306 1.306 0.493 0.493 0.522 0.616 0.807 2.331 2.331 3.296 -1.099 -0.317 1.144 -1.003 -0.204 1.023 -0.123 -1.328 1.333 
4.000 0.000 4.000 0.000 1.000 0.538 4.152 0.207 3.817 0.984 0.563 0.115 -0.090 0.895 0.895 1.163 1.163 0.383 0.383 -1.664 -1.683 2.367 2.243 2.243 3.172 0.538 0.152 0.559 0.207 -0.183 0.276 0.984 -0.437 1.077 
5.000 0.000 5.000 0.000 1.000 -1.065 4.564 -0.570 4.524 -0.343 0.591 -0.056 -0.068 0.884 0.884 1.072 1.072 0.312 0.312 2.256 -0.183 2.264 2.135 2.135 3.019 -1.065 -0.436 1.151 -0.570 -0.476 0.743 -0.343 -0.409 0.534 
6.000 0.000 6.000 0.000 1.000 -1.011 4.570 -0.988 4.699 -0.458 0.197 -0.055 -0.088 0.873 0.873 1.028 1.028 0.266 0.266 0.098 0.544 0.553 2.052 2.052 2.901 -1.011 -1.430 1.751 -0.988 -1.301 1.633 -0.458 -0.803 0.924 
7.000 0.000 7.000 0.000 1.000 -0.157 9.360 -0.478 8.248 0.228 2.679 -0.005 0.078 0.867 0.867 1.006 1.006 0.233 0.233 -1.289 -4.463 4.646 2.004 2.004 2.834 -0.157 2.360 2.365 -0.478 1.248 1.337 0.228 1.679 1.694 
8.000 0.000 8.000 0.000 1.000 -1.584 6.504 -1.243 7.634 -0.528 0.267 -0.040 -0.048 0.863 0.863 0.994 0.994 0.207 0.207 1.334 4.423 4.620 1.978 1.978 2.798 -1.584 -1.496 2.179 -1.243 -0.366 1.296 -0.528 -0.733 0.903 
9.000 0.000 9.000 0.000 1.000 0.799 8.386 0.133 8.260 0.859 0.488 0.018 -0.033 0.861 0.861 0.985 0.985 0.187 0.187 -2.570 -0.486 2.615 1.964 1.964 2.778 0.799 -0.614 1.008 0.133 -0.740 0.752 0.859 -0.512 1.000 
10.000 0.000 10.000 0.000 1.000 -1.208 9.839 -0.632 9.554 -0.331 1.054 -0.021 -0.011 0.859 0.859 0.978 0.978 0.170 0.170 2.199 -1.091 2.455 1.955 1.955 2.764 -1.208 -0.161 1.219 -0.632 -0.446 0.774 -0.331 0.054 0.335 
11.000 0.000 11.000 0.000 1.000 0.785 9.523 0.324 9.809 0.600 0.453 0.006 -0.025 0.858 0.858 0.973 0.973 0.156 0.156 -1.748 1.085 2.057 1.948 1.948 2.754 0.785 -1.477 1.673 0.324 -1.191 1.234 0.600 -0.547 0.812 
12.000 0.000 12.000 0.000 1.000 1.226 12.342 1.146 11.791 0.769 1.554 0.009 0.002 0.857 0.857 0.969 0.969 0.145 0.145 -0.302 -2.080 2.102 1.942 1.942 2.747 1.226 0.342 1.273 1.146 -0.209 1.165 0.769 0.554 0.948 
13.000 0.000 13.000 0.000 1.000 -0.880 13.535 -0.136 13.484 -0.727 1.659 -0.021 0.004 0.857 0.857 0.965 0.965 0.136 0.136 2.795 -0.191 2.802 1.938 1.938 2.741 -0.880 0.535 1.030 -0.136 0.484 0.503 -0.727 0.659 0.981 
14.000 0.000 14.000 0.000 1.000 -2.088 14.557 -1.761 14.714 -1.405 1.349 -0.030 -0.001 0.856 0.856 0.963 0.963 0.128 0.128 1.225 0.586 1.358 1.935 1.935 2.736 -2.088 0.557 2.161 -1.761 0.714 1.900 -1.405 0.349 1.448 
15.000 0.000 15.000 0.000 1.000 1.510 15.147 0.257 15.392 1.066 0.858 0.010 -0.009 0.856 0.856 0.961 0.961 0.122 0.122 -4.676 0.915 4.765 1.932 1.932 2.732 1.510 0.147 1.517 0.257 0.392 0.469 1.066 -0.142 1.075 
16.000 0.000 16.000 0.000 1.000 3.918 18.766 3.222 18.091 2.461 2.192 0.028 0.010 0.855 0.855 0.960 0.960 0.117 0.117 -2.595 -2.516 3.614 1.930 1.930 2.730 3.918 2.766 4.796 3.222 2.091 3.840 2.461 1.192 2.734 
17.000 0.000 17.000 0.000 1.000 -0.812 17.072 5.510 20.197 2.363 2.140 0.023 0.008 1.627 1.627 1.391 1.391 0.113 0.113 6.494 3.210 7.244 1.929 1.929 2.727 -0.812 0.072 0.815 5.510 3.197 6.371 2.363 1.140 2.624 
18.000 0.000 18.000 0.000 1.000 -1.926 16.171 7.111 21.857 1.987 1.897 0.017 0.005 2.790 2.790 1.682 1.682 0.110 0.110 9.799 6.166 11.578 3.072 3.072 4.345 -1.926 -1.829 2.656 7.111 3.857 8.090 1.987 0.897 2.180 
19.000 0.000 19.000 0.000 1.000 -0.891 19.736 -0.386 19.939 -1.780 0.380 -0.023 -0.011 0.974 0.974 1.040 1.040 0.107 0.107 9.989 4.018 10.767 4.445 4.445 6.287 -0.891 0.736 1.156 -0.386 0.939 1.015 -1.780 -0.620 1.885 
20.000 0.000 20.000 0.000 1.000 -0.794 20.753 -1.156 20.638 -1.085 0.596 -0.013 -0.008 0.858 0.858 1.045 1.045 0.105 0.105 -1.372 -0.434 1.439 1.946 1.946 2.753 -0.794 0.753 1.094 -1.156 0.638 1.321 -1.085 -0.404 1.158 
21.000 0.000 21.000 0.000 1.000 1.213 19.185 0.321 19.714 0.807 -0.542 0.006 -0.017 0.861 0.861 0.979 0.979 0.103 0.103 -3.454 2.049 4.016 1.968 1.968 2.784 1.213 -1.815 2.183 0.321 -1.286 1.326 0.807 -1.542 1.741 
22.000 0.156 21.988 0.156 0.988 1.109 21.185 1.114 20.656 0.803 0.515 0.005 -0.006 0.859 0.859 0.957 0.957 0.101 0.101 0.020 -2.013 2.013 1.950 1.950 2.758 0.953 -0.803 1.246 0.958 -1.332 1.641 0.647 -0.473 0.801 
23.000 0.465 22.939 0.309 0.951 0.306 22.597 0.739 22.214 -0.044 1.264 -0.003 0.001 0.855 0.855 0.955 0.955 0.100 0.100 1.611 -1.426 2.152 1.929 1.929 2.728 -0.159 -0.342 0.377 0.274 -0.725 0.775 -0.353 0.313 0.472 
24.000 0.919 23.830 0.454 0.891 4.045 18.862 3.140 20.109 1.727 -1.179 0.013 -0.020 0.854 0.854 0.955 0.955 0.099 0.099 -3.350 4.615 5.703 1.924 1.924 2.721 3.126 -4.968 5.870 2.221 -3.721 4.334 1.273 -2.070 2.430 
25.000 1.507 24.639 0.588 0.809 2.410 27.251 4.803 19.148 1.693 -1.040 0.011 -0.016 1.622 1.622 1.383 1.383 0.099 0.099 2.457 -8.322 8.677 1.924 1.924 2.721 0.903 2.612 2.764 3.296 -5.491 6.404 1.105 -1.849 2.154 
26.000 2.214 25.346 0.707 0.707 1.367 26.248 1.915 25.378 -0.684 2.734 -0.009 0.015 0.945 0.945 0.967 0.967 0.098 0.098 5.129 -8.140 9.621 3.060 3.060 4.327 -0.847 0.902 1.237 -0.299 0.032 0.301 -1.391 2.027 2.459 
27.000 3.023 25.934 0.809 0.588 2.450 26.607 2.126 27.007 -0.071 1.981 -0.003 0.007 0.857 0.857 0.997 0.997 0.097 0.097 -1.219 1.506 1.937 1.939 1.939 2.742 -0.573 0.673 0.884 -0.897 1.073 1.399 -0.880 1.393 1.647 
28.000 3.914 26.388 0.891 0.454 2.778 26.450 2.585 27.127 0.316 0.619 0.001 -0.005 0.856 0.856 0.970 0.970 0.097 0.097 -0.723 2.538 2.639 1.936 1.936 2.738 -1.136 0.062 1.138 -1.329 0.739 1.521 -0.575 0.165 0.598 
29.000 4.865 26.697 0.951 0.309 5.267 25.785 4.637 26.308 1.576 -0.430 0.011 -0.012 0.856 0.856 0.956 0.956 0.097 0.097 -2.365 1.961 3.072 1.937 1.937 2.739 0.402 -0.912 0.997 -0.228 -0.389 0.451 0.625 -0.739 0.968 
30.000 5.853 26.853 0.988 0.156 5.777 26.740 5.894 26.508 1.356 0.014 0.008 -0.008 0.855 0.855 0.954 0.954 0.097 0.097 0.436 -0.862 0.966 1.926 1.926 2.724 -0.076 -0.113 0.136 0.041 -0.345 0.348 0.368 -0.142 0.395 
31.000 6.853 26.853 1.000 0.000 6.743 24.839 6.880 25.294 1.095 -0.884 0.005 -0.014 0.854 0.854 0.954 0.954 0.096 0.096 0.508 1.683 1.757 1.923 1.923 2.720 -0.110 -2.014 2.017 0.027 -1.559 1.559 0.095 -0.884 0.889 
32.000 7.853 26.853 1.000 0.000 11.939 31.791 8.080 24.604 1.176 -0.757 0.005 -0.011 1.621 1.621 1.382 1.382 0.097 0.097 -3.963 -7.381 8.378 1.923 1.923 2.720 4.086 4.938 6.409 0.227 -2.249 2.260 0.176 -0.757 0.777 
33.000 8.853 26.853 1.000 0.000 7.807 26.836 7.962 26.516 0.507 0.623 -0.001 0.000 0.945 0.945 0.967 0.967 0.096 0.096 1.449 -2.989 3.321 3.057 3.057 4.324 -1.046 -0.017 1.046 -0.891 -0.337 0.953 -0.493 0.623 0.794 
34.000 9.853 26.853 1.000 0.000 9.671 27.218 9.351 27.197 1.119 0.663 0.004 0.000 0.857 0.857 0.996 0.996 0.096 0.096 -1.202 -0.079 1.205 1.939 1.939 2.742 -0.182 0.365 0.408 -0.502 0.344 0.608 0.119 0.663 0.674 
35.000 10.853 26.853 1.000 0.000 10.397 27.954 10.417 27.929 1.084 0.714 0.004 0.001 0.856 0.856 0.969 0.969 0.096 0.096 0.073 -0.094 0.119 1.936 1.936 2.737 -0.456 1.101 1.192 -0.436 1.076 1.161 0.084 0.714 0.719 
36.000 11.853 26.853 1.000 0.000 12.352 27.417 12.125 27.744 1.541 0.062 0.007 -0.004 0.856 0.856 0.955 0.955 0.096 0.096 -0.851 1.226 1.493 1.937 1.937 2.739 0.499 0.564 0.753 0.272 0.891 0.931 0.541 0.062 0.544 
37.000 12.853 26.853 1.000 0.000 12.589 28.074 12.879 28.002 0.978 0.200 0.002 -0.003 0.855 0.855 0.954 0.954 0.096 0.096 1.077 -0.268 1.109 1.926 1.926 2.724 -0.264 1.221 1.249 0.026 1.149 1.149 -0.022 0.200 0.201 
38.000 13.853 26.853 1.000 0.000 14.310 27.960 14.188 28.025 1.219 0.069 0.003 -0.004 0.854 0.854 0.954 0.954 0.096 0.096 -0.453 0.241 0.513 1.923 1.923 2.720 0.457 1.107 1.198 0.335 1.172 1.219 0.219 0.069 0.230 
39.000 14.853 26.853 1.000 0.000 12.387 24.827 13.204 25.711 -0.375 -1.663 -0.009 -0.017 0.854 0.854 0.954 0.954 0.096 0.096 3.020 3.267 4.449 1.923 1.923 2.720 -2.466 -2.026 3.192 -1.649 -1.142 2.006 -1.375 -1.663 2.158 
40.000 15.853 26.853 1.000 0.000 16.360 16.867 12.921 23.859 -0.317 -1.816 -0.008 -0.016 1.621 1.621 1.381 1.381 0.096 0.096 -3.531 7.181 8.002 1.923 1.923 2.720 0.507 -9.986 9.999 -2.932 -2.994 4.190 -1.317 -1.816 2.244 
41.000 16.853 26.853 1.000 0.000 18.567 27.281 17.929 26.720 2.449 0.605 0.013 0.003 0.945 0.945 0.967 0.967 0.096 0.096 -5.963 -5.238 7.937 3.057 3.057 4.323 1.714 0.428 1.767 1.076 -0.133 1.084 1.449 0.605 1.570 
42.000 17.853 26.853 1.000 0.000 17.204 27.692 18.049 27.594 0.844 0.795 -0.001 0.004 0.857 0.857 0.996 0.996 0.096 0.096 3.174 -0.367 3.195 1.939 1.939 2.742 -0.649 0.839 1.061 0.196 0.741 0.767 -0.156 0.795 0.810 
43.000 18.853 26.853 1.000 0.000 17.924 26.501 18.182 27.005 0.321 -0.219 -0.005 -0.004 0.856 0.856 0.969 0.969 0.096 0.096 0.968 1.889 2.122 1.936 1.936 2.737 -0.929 -0.352 0.993 -0.671 0.152 0.688 -0.679 -0.219 0.713 
44.000 19.853 26.853 1.000 0.000 20.773 27.993 20.168 27.671 1.524 0.419 0.005 0.001 0.856 0.856 0.955 0.955 0.096 0.096 -2.270 -1.207 2.570 1.937 1.937 2.739 0.920 1.140 1.465 0.315 0.818 0.877 0.524 0.419 0.671 
45.000 20.853 26.853 1.000 0.000 18.797 26.605 19.577 27.005 -0.001 -0.365 -0.007 -0.005 0.855 0.855 0.954 0.954 0.096 0.096 2.895 1.486 3.254 1.926 1.926 2.724 -2.056 -0.248 2.071 -1.276 0.152 1.285 -1.001 -0.365 1.066 
46.000 21.853 26.853 1.000 0.000 22.267 28.117 21.539 27.718 1.415 0.411 0.005 0.002 0.854 0.854 0.954 0.954 0.096 0.096 -2.691 -1.476 3.069 1.923 1.923 2.720 0.414 1.264 1.330 -0.314 0.865 0.920 0.415 0.411 0.584 
47.000 22.841 26.697 0.988 -0.156 24.035 26.047 23.743 26.610 1.991 -0.688 0.008 -0.007 0.854 0.854 0.954 0.954 0.096 0.096 -1.081 2.082 2.346 1.923 1.923 2.719 1.194 -0.650 1.359 0.902 -0.087 0.906 1.003 -0.532 1.136 
48.000 23.792 26.388 0.951 -0.309 22.755 28.338 23.561 27.685 0.424 0.583 -0.005 0.004 0.854 0.854 0.954 0.954 0.096 0.096 2.979 -2.416 3.835 1.923 1.923 2.719 -1.037 1.950 2.209 -0.231 1.297 1.317 -0.527 0.892 1.036 
49.000 24.683 25.934 0.891 -0.454 24.544 26.502 24.393 26.979 0.715 -0.347 -0.002 -0.004 0.854 0.854 0.954 0.954 0.096 0.096 -0.560 1.765 1.852 1.923 1.923 2.719 -0.139 0.568 0.585 -0.290 1.045 1.085 -0.176 0.107 0.205 
50.000 25.492 25.346 0.809 -0.588 24.378 24.798 24.575 25.294 0.327 -1.321 -0.005 -0.011 0.854 0.854 0.954 0.954 0.096 0.096 0.730 1.834 1.974 1.923 1.923 2.719 -1.114 -0.548 1.241 -0.917 -0.052 0.918 -0.482 -0.733 0.877 
51.000 26.199 24.639 0.707 -0.707 26.380 24.602 25.981 24.432 1.104 -1.000 0.002 -0.007 0.854 0.854 0.954 0.954 0.096 0.096 -1.477 -0.629 1.606 1.923 1.923 2.719 0.181 -0.037 0.185 -0.218 -0.207 0.301 0.397 -0.293 0.493 
52.000 26.787 23.830 0.588 -0.809 25.328 24.087 25.803 23.910 0.177 -0.661 -0.005 -0.004 0.854 0.854 0.954 0.954 0.096 0.096 1.757 -0.655 1.875 1.923 1.923 2.719 -1.459 0.257 1.481 -0.984 0.080 0.987 -0.411 0.148 0.437 
53.000 27.241 22.939 0.454 -0.891 26.748 22.217 26.540 22.496 0.578 -1.211 -0.002 -0.008 0.854 0.854 0.954 0.954 0.096 0.096 -0.768 1.032 1.287 1.923 1.923 2.719 -0.493 -0.722 0.874 -0.701 -0.443 0.829 0.124 -0.320 0.343 
54.000 27.550 21.988 0.309 -0.951 28.671 21.890 28.251 21.727 1.397 -0.899 0.005 -0.005 0.854 0.854 0.954 0.954 0.096 0.096 -1.553 -0.604 1.666 1.923 1.923 2.719 1.121 -0.098 1.125 0.701 -0.261 0.748 1.088 0.052 1.090 
55.000 27.706 21.000 0.156 -0.988 27.413 20.288 28.018 20.434 0.220 -1.189 -0.005 -0.006 0.854 0.854 0.954 0.954 0.096 0.096 2.235 0.540 2.300 1.923 1.923 2.719 -0.293 -0.712 0.770 0.312 -0.566 0.646 0.064 -0.201 0.211 
56.000 27.706 20.000 0.000 -1.000 15.755 13.500 27.909 19.094 -0.023 -1.304 -0.006 -0.006 1.621 1.621 1.381 1.381 0.096 0.096 12.482 5.745 13.741 1.923 1.923 2.719 -11.951 -6.500 13.604 0.203 -0.906 0.928 -0.023 -0.304 0.305 
57.000 27.706 19.000 0.000 -1.000 28.032 19.897 28.016 19.671 0.039 -0.331 -0.005 0.001 0.945 0.945 0.967 0.967 0.096 0.096 -0.145 -2.107 2.112 3.057 3.057 4.323 0.326 0.897 0.954 0.310 0.671 0.740 0.039 0.669 0.671 
58.000 27.706 18.000 0.000 -1.000 27.323 17.636 27.518 18.090 -0.340 -1.199 -0.007 -0.006 0.857 0.857 0.996 0.996 0.096 0.096 0.732 1.705 1.855 1.939 1.939 2.742 -0.383 -0.364 0.528 -0.188 0.090 0.208 -0.340 -0.199 0.394 
59.000 27.706 17.000 0.000 -1.000 28.642 18.093 28.251 17.772 0.442 -0.556 -0.001 0.000 0.856 0.856 0.969 0.969 0.096 0.096 -1.464 -1.202 1.894 1.936 1.936 2.737 0.936 1.093 1.439 0.545 0.772 0.945 0.442 0.444 0.627 
60.000 27.706 16.000 0.000 -1.000 27.236 13.214 27.625 14.281 -0.334 -2.685 -0.007 -0.016 0.856 0.856 0.955 0.955 0.096 0.096 1.457 4.002 4.259 1.937 1.937 2.739 -0.470 -2.786 2.825 -0.081 -1.719 1.721 -0.334 -1.685 1.718 
61.000 27.706 15.000 0.000 -1.000 29.309 16.462 28.765 15.150 0.727 -0.129 0.002 0.005 0.855 0.855 0.954 0.954 0.096 0.096 -2.018 -4.867 5.268 1.926 1.926 2.724 1.603 1.462 2.170 1.059 0.150 1.070 0.727 0.871 1.134 
62.000 27.706 14.000 0.000 -1.000 27.315 12.685 27.904 13.317 -0.422 -1.359 -0.007 -0.005 0.854 0.854 0.954 0.954 0.096 0.096 2.177 2.336 3.193 1.923 1.923 2.720 -0.391 -1.315 1.372 0.198 -0.683 0.711 -0.422 -0.359 0.554 
63.000 27.706 13.000 0.000 -1.000 28.197 13.649 28.004 13.192 -0.050 -0.469 -0.003 0.002 0.854 0.854 0.954 0.954 0.096 0.096 -0.715 -1.692 1.837 1.923 1.923 2.719 0.491 0.649 0.814 0.298 0.192 0.354 -0.050 0.531 0.533 
64.000 27.706 12.000 0.000 -1.000 30.799 18.608 30.029 17.016 1.452 2.646 0.009 0.026 0.854 0.854 0.954 0.954 0.096 0.096 -2.846 -5.886 6.538 1.923 1.923 2.719 3.093 6.608 7.296 2.323 5.016 5.528 1.452 3.646 3.925 
65.000 27.706 11.000 0.000 -1.000 28.777 11.139 31.410 19.439 1.409 2.510 0.007 0.022 1.621 1.621 1.381 1.381 0.096 0.096 2.704 8.524 8.942 1.923 1.923 2.719 1.071 0.139 1.080 3.704 8.439 9.216 1.409 3.510 3.783 
66.000 27.706 10.000 0.000 -1.000 28.580 8.976 32.493 20.950 1.246 2.012 0.005 0.016 2.775 2.775 1.668 1.668 0.096 0.096 4.239 12.973 13.648 3.057 3.057 4.323 0.874 -1.024 1.346 4.787 10.950 11.951 1.246 3.012 3.260 
67.000 27.706 9.000 0.000 -1.000 29.650 8.525 29.860 9.265 -0.289 -3.411 -0.006 -0.022 0.974 0.974 1.037 1.037 0.096 0.096 4.089 14.437 15.005 4.417 4.417 6.246 1.944 -0.475 2.001 2.154 0.265 2.170 -0.289 -2.411 2.429 
68.000 27.706 8.000 0.000 -1.000 24.750 8.668 26.026 7.923 -2.807 -1.967 -0.024 -0.009 0.857 0.857 1.042 1.042 0.096 0.096 4.821 -2.814 5.582 1.944 1.944 2.749 -2.956 0.668 3.031 -1.680 -0.077 1.682 -2.807 -0.967 2.969 
69.000 27.706 7.000 0.000 -1.000 26.251 7.666 25.466 7.224 -1.163 -1.035 -0.009 -0.001 0.861 0.861 0.977 0.977 0.096 0.096 -3.032 -1.710 3.481 1.966 1.966 2.780 -1.455 0.666 1.600 -2.240 0.224 2.251 -1.163 -0.035 1.164 
70.000 27.706 6.000 0.000 -1.000 27.522 5.152 26.674 5.425 0.542 -1.588 0.005 -0.005 0.858 0.858 0.955 0.955 0.096 0.096 -3.219 1.037 3.381 1.948 1.948 2.755 -0.184 -0.848 0.868 -1.032 -0.575 1.181 0.542 -0.588 0.800 
71.000 27.706 5.000 0.000 -1.000 28.622 5.652 28.244 5.163 1.290 -0.634 0.010 0.003 0.855 0.855 0.954 0.954 0.096 0.096 -1.406 -1.815 2.295 1.927 1.927 2.726 0.916 0.652 1.124 0.538 0.163 0.562 1.290 0.366 1.341 
72.000 27.550 4.012 -0.156 -0.988 23.765 1.491 25.325 2.313 -1.751 -2.238 -0.014 -0.010 0.854 0.854 0.954 0.954 0.096 0.096 5.768 3.039 6.520 1.923 1.923 2.720 -3.785 -2.521 4.548 -2.225 -1.699 2.800 -1.595 -1.250 2.026 
73.000 27.241 3.061 -0.309 -0.951 28.273 2.867 27.002 2.112 0.721 -0.770 0.006 0.003 0.854 0.854 0.954 0.954 0.096 0.096 -4.699 -2.792 5.466 1.923 1.923 2.720 1.032 -0.194 1.050 -0.239 -0.949 0.979 1.030 0.181 1.046 
74.000 26.787 2.170 -0.454 -0.891 27.491 1.341 27.554 1.341 0.604 -0.768 0.005 0.002 0.854 0.854 0.954 0.954 0.096 0.096 0.233 0.001 0.233 1.923 1.923 2.720 0.704 -0.829 1.088 0.767 -0.829 1.129 1.058 0.123 1.065 
75.000 26.199 1.361 -0.588 -0.809 25.366 0.865 26.121 0.786 -0.868 -0.611 -0.007 0.003 0.854 0.854 0.954 0.954 0.096 0.096 2.792 -0.292 2.807 1.923 1.923 2.719 -0.833 -0.496 0.969 -0.078 -0.575 0.580 -0.280 0.198 0.343 
76.000 25.492 0.654 -0.707 -0.707 24.986 0.696 25.058 0.555 -1.016 -0.332 -0.007 0.005 0.854 0.854 0.954 0.954 0.096 0.096 0.267 -0.521 0.586 1.923 1.923 2.719 -0.506 0.042 0.508 -0.434 -0.099 0.445 -0.309 0.375 0.486 
77.000 24.683 0.066 -0.809 -0.588 25.717 -1.467 25.264 -1.010 -0.138 -1.221 0.000 -0.002 0.854 0.854 0.954 0.954 0.096 0.096 -1.675 1.690 2.379 1.923 1.923 2.719 1.034 -1.533 1.849 0.581 -1.076 1.223 0.671 -0.633 0.923 
78.000 23.792 -0.388 -0.891 -0.454 23.725 0.219 24.104 -0.444 -0.879 0.073 -0.006 0.008 0.854 0.854 0.954 0.954 0.096 0.096 1.401 -2.450 2.822 1.923 1.923 2.719 -0.067 0.607 0.611 0.312 -0.056 0.317 0.012 0.527 0.527 
79.000 22.841 -0.697 -0.951 -0.309 22.994 -0.115 23.056 -0.184 -1.007 0.216 -0.006 0.008 0.854 0.854 0.954 0.954 0.096 0.096 0.231 -0.256 0.345 1.923 1.923 2.719 0.153 0.582 0.602 0.215 0.513 0.556 -0.056 0.525 0.528 
80.000 21.853 -0.853 -0.988 -0.156 24.760 -3.943 24.027 -2.868 0.421 -1.878 0.006 -0.009 0.854 0.854 0.954 0.954 0.096 0.096 -2.710 3.975 4.811 1.923 1.923 2.719 2.907 -3.090 4.242 2.174 -2.015 2.964 1.409 -1.722 2.225 
81.000 20.853 -0.853 -1.000 0.000 19.755 1.569 24.325 -4.580 0.337 -1.767 0.004 -0.007 1.621 1.621 1.381 1.381 0.096 0.096 4.693 -6.315 7.868 1.923 1.923 2.719 -1.098 2.422 2.659 3.472 -3.727 5.094 1.337 -1.767 2.216 
82.000 19.853 -0.853 -1.000 0.000 21.078 0.186 21.462 -0.513 -1.326 1.266 -0.008 0.016 0.945 0.945 0.967 0.967 0.096 0.096 3.584 -6.533 7.451 3.057 3.057 4.323 1.225 1.039 1.606 1.609 0.340 1.644 -0.326 1.266 1.307 
83.000 18.853 -0.853 -1.000 0.000 20.188 -0.164 20.174 0.080 -1.307 0.814 -0.007 0.011 0.857 0.857 0.996 0.996 0.096 0.096 -0.052 0.917 0.918 1.939 1.939 2.742 1.335 0.689 1.502 1.321 0.933 1.617 -0.307 0.814 0.870 
84.000 17.853 -0.853 -1.000 0.000 17.900 -2.238 18.158 -1.402 -1.836 -0.864 -0.010 -0.003 0.856 0.856 0.969 0.969 0.096 0.096 0.967 3.132 3.278 1.936 1.936 2.737 0.047 -1.385 1.386 0.305 -0.549 0.628 -0.836 -0.864 1.202 
85.000 16.853 -0.853 -1.000 0.000 19.082 -1.141 18.346 -1.441 -0.378 -0.269 0.002 0.001 0.856 0.856 0.955 0.955 0.096 0.096 -2.760 -1.125 2.980 1.937 1.937 2.739 2.229 -0.288 2.248 1.493 -0.588 1.605 0.622 -0.269 0.678 
86.000 15.853 -0.853 -1.000 0.000 12.468 -1.637 13.951 -1.657 -3.284 -0.229 -0.021 0.002 0.855 0.855 0.954 0.954 0.096 0.096 5.501 -0.073 5.501 1.926 1.926 2.724 -3.385 -0.784 3.475 -1.902 -0.804 2.065 -2.284 -0.229 2.295 
87.000 14.853 -0.853 -1.000 0.000 14.101 -1.133 13.172 -1.336 -1.488 0.171 -0.005 0.005 0.854 0.854 0.954 0.954 0.096 0.096 -3.434 -0.753 3.516 1.923 1.923 2.720 -0.752 -0.280 0.802 -1.681 -0.483 1.749 -0.488 0.171 0.517 
88.000 13.853 -0.853 -1.000 0.000 14.448 -1.825 13.700 -1.647 -0.031 -0.174 0.007 0.001 0.854 0.854 0.954 0.954 0.096 0.096 -2.764 0.659 2.842 1.923 1.923 2.719 0.595 -0.972 1.140 -0.153 -0.794 0.808 0.969 -0.174 0.985 
89.000 12.853 -0.853 -1.000 0.000 12.093 -0.565 12.519 -0.904 -0.858 0.492 -0.000 0.006 0.854 0.854 0.954 0.954 0.096 0.096 1.577 -1.255 2.015 1.923 1.923 2.719 -0.760 0.288 0.813 -0.334 -0.051 0.338 0.142 0.492 0.512 
90.000 11.853 -0.853 -1.000 0.000 12.546 -1.795 12.307 -1.421 -0.390 -0.233 0.004 0.000 0.854 0.854 0.954 0.954 0.096 0.096 -0.884 1.382 1.641 1.923 1.923 2.719 0.693 -0.942 1.169 0.454 -0.568 0.727 0.610 -0.233 0.653 
91.000 10.853 -0.853 -1.000 0.000 11.243 -0.158 11.425 -0.563 -0.743 0.558 0.000 0.006 0.854 0.854 0.954 0.954 0.096 0.096 0.674 -1.496 1.641 1.923 1.923 2.719 0.390 0.695 0.797 0.572 0.290 0.642 0.257 0.558 0.615 
92.000 9.853 -0.853 -1.000 0.000 9.514 0.580 9.830 0.422 -1.360 0.874 -0.004 0.008 0.854 0.854 0.954 0.954 0.096 0.096 1.168 -0.584 1.306 1.923 1.923 2.719 -0.339 1.433 1.473 -0.023 1.275 1.275 -0.360 0.874 0.945 
93.000 8.853 -0.853 -1.000 0.000 9.391 -0.133 9.142 0.253 -0.877 0.126 -0.000 0.001 0.854 0.854 0.954 0.954 0.096 0.096 -0.921 1.429 1.700 1.923 1.923 2.719 0.538 0.720 0.899 0.289 1.106 1.143 0.123 0.126 0.176 
94.000 7.853 -0.853 -1.000 0.000 8.459 1.186 8.406 0.968 -0.775 0.554 0.001 0.004 0.854 0.854 0.954 0.954 0.096 0.096 -0.195 -0.807 0.830 1.923 1.923 2.719 0.606 2.039 2.127 0.553 1.821 1.903 0.225 0.554 0.598 
95.000 6.853 -0.853 -1.000 0.000 8.628 -1.333 8.359 -0.561 -0.247 -0.952 0.005 -0.008 0.854 0.854 0.954 0.954 0.096 0.096 -0.996 2.855 3.024 1.923 1.923 2.719 1.775 -0.480 1.839 1.506 0.292 1.534 0.753 -0.952 1.213 
96.000 5.853 -0.853 -1.000 0.000 -6.754 -4.563 7.721 -1.593 -0.525 -1.017 0.002 -0.007 1.621 1.621 1.381 1.381 0.096 0.096 14.866 3.050 15.175 1.923 1.923 2.719 -12.607 -3.710 13.142 1.868 -0.740 2.009 0.475 -1.017 1.123 
97.000 4.853 -0.853 -1.000 0.000 5.233 -0.260 5.443 -0.512 -1.437 0.069 -0.005 0.001 0.945 0.945 0.967 0.967 0.096 0.096 1.963 -2.350 3.062 3.057 3.057 4.323 0.380 0.593 0.704 0.590 0.341 0.682 -0.437 0.069 0.442 
98.000 3.853 -0.853 -1.000 0.000 4.550 -1.337 4.405 -1.099 -1.164 -0.386 -0.002 -0.002 0.857 0.857 0.996 0.996 0.096 0.096 -0.543 0.894 1.046 1.939 1.939 2.742 0.697 -0.484 0.849 0.552 -0.246 0.605 -0.164 -0.386 0.419 
99.000 2.853 -0.853 -1.000 0.000 2.739 -2.660 2.873 -2.346 -1.437 -1.022 -0.004 -0.007 0.856 0.856 0.969 0.969 0.096 0.096 0.502 1.175 1.278 1.936 1.936 2.737 -0.114 -1.807 1.811 0.020 -1.493 1.493 -0.437 -1.022 1.111 
