0.000 0.000 0.000 0.000 0.000 -1.392 0.204 -1.390 0.204 -0.014 0.002 0.000 0.000 0.999 0.999 3.147 3.147 0.901 0.901 1.392 -0.204 1.407 30.163 30.163 42.657 -1.392 0.204 1.407 -1.390 0.204 1.405 -0.014 0.002 0.014 
1.000 0.000 1.000 0.000 1.000 -1.045 3.279 -1.075 3.021 0.312 2.789 0.024 0.207 0.957 0.957 1.645 1.645 0.777 0.777 -0.359 -3.073 3.094 3.453 3.453 4.883 -1.045 2.279 2.507 -1.075 2.021 2.289 0.312 1.789 1.816 
2.000 0.000 2.000 0.000 1.000 -0.858 2.385 -0.843 2.917 0.270 0.606 0.010 -0.232 0.919 0.919 1.341 1.341 0.627 0.627 0.095 3.425 3.426 2.537 2.537 3.588 -0.858 0.385 0.940 -0.843 0.917 1.246 0.270 -0.394 0.478 
3.000 0.000 3.000 0.000 1.000 -1.099 2.683 -0.995 2.850 -0.069 -0.183 -0.070 -0.335 0.895 0.895 1.193 1.193 0.452 0.452 0.526 0.840 0.991 2.244 2.244 3.174 -1.099 -0.317 1.144 -0.995 -0.150 1.006 -0.069 -1.183 1.185 
4.000 0.000 4.000 0.000 1.000 0.538 4.152 0.186 3.826 0.826 0.376 0.143 -0.111 0.883 0.883 0.992 0.992 0.301 0.301 -1.601 -1.485 2.184 2.133 2.133 3.017 0.538 0.152 0.559 0.186 -0.174 0.255 0.826 -0.624 1.035 
5.000 0.000 5.000 0.000 1.000 -1.065 4.564 -0.542 4.473 -0.079 0.448 -0.064 -0.066 0.865 0.865 0.799 0.799 0.198 0.198 2.077 -0.362 2.108 1.992 1.992 2.818 -1.065 -0.436 1.151 -0.542 -0.527 0.756 -0.079 -0.552 0.557 
6.000 0.000 6.000 0.000 1.000 -1.011 4.570 -0.896 4.673 -0.303 0.239 -0.083 -0.082 0.840 0.840 0.645 0.645 0.133 0.133 0.391 0.351 0.525 1.842 1.842 2.606 -1.011 -1.430 1.751 -0.896 -1.327 1.601 -0.303 -0.761 0.819 
7.000 0.000 7.000 0.000 1.000 -0.157 9.360 -0.511 7.847 -0.041 1.631 -0.029 0.122 0.812 0.812 0.530 0.530 0.093 0.093 -1.042 -4.448 4.568 1.715 1.715 2.425 -0.157 2.360 2.365 -0.511 0.847 0.989 -0.041 0.631 0.632 
8.000 0.000 8.000 0.000 1.000 -1.584 6.504 -1.188 7.646 -0.349 0.946 -0.058 0.019 0.785 0.785 0.445 0.445 0.067 0.067 1.032 2.974 3.148 1.614 1.614 2.282 -1.584 -1.496 2.179 -1.188 -0.354 1.239 -0.349 -0.054 0.353 
9.000 0.000 9.000 0.000 1.000 0.799 8.386 -0.192 8.474 0.120 0.918 -0.001 0.012 0.759 0.759 0.382 0.382 0.051 0.051 -2.336 0.206 2.345 1.535 1.535 2.171 0.799 -0.614 1.008 -0.192 -0.526 0.560 0.120 -0.082 0.145 
10.000 0.000 10.000 0.000 1.000 -1.208 9.839 -0.685 9.633 -0.097 1.016 -0.019 0.018 0.735 0.735 0.334 0.334 0.039 0.039 1.136 -0.447 1.221 1.474 1.474 2.085 -1.208 -0.161 1.219 -0.685 -0.367 0.777 -0.097 0.016 0.099 
11.000 0.000 11.000 0.000 1.000 0.785 9.523 0.014 10.077 0.141 0.849 0.001 0.003 0.713 0.713 0.299 0.299 0.031 0.031 -1.568 1.126 1.930 1.426 1.426 2.017 0.785 -1.477 1.673 0.014 -0.923 0.923 0.141 -0.151 0.207 
12.000 0.000 12.000 0.000 1.000 1.226 12.342 0.670 11.607 0.297 1.056 0.011 0.015 0.693 0.693 0.272 0.272 0.025 0.025 -1.070 -1.416 1.775 1.388 1.388 1.963 1.226 0.342 1.273 0.670 -0.393 0.777 0.297 0.056 0.302 
13.000 0.000 13.000 0.000 1.000 -0.880 13.535 0.122 13.062 0.071 1.183 -0.002 0.019 0.676 0.676 0.253 0.253 0.021 0.021 1.847 -0.873 2.043 1.358 1.358 1.920 -0.880 0.535 1.030 0.122 0.062 0.137 0.071 0.183 0.196 
14.000 0.000 14.000 0.000 1.000 -2.088 14.557 -0.805 14.381 -0.197 1.239 -0.013 0.019 0.661 0.661 0.238 0.238 0.018 0.018 2.281 -0.313 2.302 1.333 1.333 1.886 -2.088 0.557 2.161 -0.805 0.381 0.891 -0.197 0.239 0.310 
15.000 0.000 15.000 0.000 1.000 1.510 15.147 0.055 15.421 0.059 1.207 -0.003 0.015 0.649 0.649 0.227 0.227 0.015 0.015 -2.512 0.473 2.556 1.314 1.314 1.858 1.510 0.147 1.517 0.055 0.421 0.424 0.059 0.207 0.215 
16.000 0.000 16.000 0.000 1.000 3.918 18.766 1.663 17.498 0.438 1.436 0.009 0.020 0.638 0.638 0.219 0.219 0.013 0.013 -3.804 -2.139 4.364 1.299 1.299 1.837 3.918 2.766 4.796 1.663 1.498 2.239 0.438 0.436 0.618 
17.000 0.000 17.000 0.000 1.000 -0.812 17.072 0.947 18.197 0.169 1.279 0.001 0.014 0.629 0.629 0.214 0.214 0.011 0.011 2.913 1.863 3.458 1.287 1.287 1.820 -0.812 0.072 0.815 0.947 1.197 1.526 0.169 0.279 0.326 
18.000 0.000 18.000 0.000 1.000 -1.926 16.171 -0.062 18.196 -0.107 0.991 -0.004 0.007 0.622 0.622 0.210 0.210 0.010 0.010 3.042 3.305 4.492 1.278 1.278 1.807 -1.926 -1.829 2.656 -0.062 0.196 0.206 -0.107 -0.009 0.108 
19.000 0.000 19.000 0.000 1.000 -0.891 19.736 -0.444 19.396 -0.175 1.047 -0.005 0.007 0.617 0.617 0.207 0.207 0.009 0.009 0.722 -0.549 0.907 1.270 1.270 1.797 -0.891 0.736 1.156 -0.444 0.396 0.595 -0.175 0.047 0.181 
20.000 0.000 20.000 0.000 1.000 -0.794 20.753 -0.685 20.559 -0.195 1.080 -0.004 0.006 0.612 0.612 0.205 0.205 0.008 0.008 0.175 -0.311 0.357 1.265 1.265 1.789 -0.794 0.753 1.094 -0.685 0.559 0.884 -0.195 0.080 0.211 
21.000 0.000 21.000 0.000 1.000 1.213 19.185 -0.103 20.729 -0.022 0.879 -0.002 0.004 0.609 0.609 0.203 0.203 0.007 0.007 -2.092 2.454 3.225 1.261 1.261 1.783 1.213 -1.815 2.183 -0.103 -0.271 0.290 -0.022 -0.121 0.123 
22.000 0.156 21.988 0.156 0.988 1.109 21.185 0.329 21.452 0.079 0.847 -0.001 0.003 0.606 0.606 0.202 0.202 0.006 0.006 -1.234 0.423 1.305 1.258 1.258 1.778 0.953 -0.803 1.246 0.173 -0.536 0.563 -0.077 -0.141 0.160 
23.000 0.465 22.939 0.309 0.951 0.306 22.597 0.370 22.408 0.069 0.875 -0.001 0.003 0.604 0.604 0.202 0.202 0.006 0.006 0.101 -0.297 0.314 1.255 1.255 1.775 -0.159 -0.342 0.377 -0.095 -0.531 0.539 -0.240 -0.076 0.251 
24.000 0.919 23.830 0.454 0.891 4.045 18.862 0.460 23.258 0.073 0.872 -0.001 0.003 0.754 0.754 0.226 0.226 0.005 0.005 -3.605 4.421 5.705 1.254 1.254 1.773 3.126 -4.968 5.870 -0.459 -0.572 0.733 -0.381 -0.019 0.382 
25.000 1.507 24.639 0.588 0.809 2.410 27.251 1.409 25.587 0.257 1.183 -0.000 0.004 0.683 0.683 0.207 0.207 0.005 0.005 -1.877 -3.120 3.641 1.370 1.370 1.937 0.903 2.612 2.764 -0.098 0.948 0.953 -0.331 0.374 0.499 
26.000 2.214 25.346 0.707 0.707 1.367 26.248 1.542 26.554 0.231 1.141 -0.000 0.003 0.644 0.644 0.202 0.202 0.004 0.004 0.299 0.522 0.602 1.307 1.307 1.848 -0.847 0.902 1.237 -0.672 1.208 1.382 -0.476 0.434 0.645 
27.000 3.023 25.934 0.809 0.588 2.450 26.607 2.034 27.276 0.285 1.056 -0.000 0.003 0.621 0.621 0.200 0.200 0.004 0.004 -0.677 1.088 1.282 1.276 1.276 1.804 -0.573 0.673 0.884 -0.989 1.342 1.667 -0.524 0.468 0.702 
28.000 3.914 26.388 0.891 0.454 2.778 26.450 2.489 27.635 0.322 0.909 -0.000 0.002 0.608 0.608 0.200 0.200 0.003 0.003 -0.459 1.882 1.937 1.260 1.260 1.782 -1.136 0.062 1.138 -1.425 1.247 1.894 -0.569 0.455 0.728 
29.000 4.865 26.697 0.951 0.309 5.267 25.785 3.702 27.542 0.517 0.691 0.000 0.001 0.602 0.602 0.201 0.201 0.003 0.003 -2.456 2.759 3.694 1.253 1.253 1.772 0.402 -0.912 0.997 -1.163 0.845 1.437 -0.434 0.382 0.578 
30.000 5.853 26.853 0.988 0.156 5.777 26.740 4.781 27.696 0.642 0.573 0.000 0.001 0.600 0.600 0.201 0.201 0.003 0.003 -1.557 1.493 2.157 1.250 1.250 1.768 -0.076 -0.113 0.136 -1.072 0.843 1.364 -0.346 0.417 0.541 
31.000 6.853 26.853 1.000 0.000 6.743 24.839 5.897 27.036 0.749 0.298 0.000 0.001 0.599 0.599 0.201 0.201 0.003 0.003 -1.320 3.429 3.675 1.249 1.249 1.767 -0.110 -2.014 2.017 -0.956 0.183 0.973 -0.251 0.298 0.390 
32.000 7.853 26.853 1.000 0.000 11.939 31.791 6.676 27.359 0.756 0.304 0.000 0.001 0.747 0.747 0.224 0.224 0.002 0.002 -5.293 -4.457 6.919 1.249 1.249 1.767 4.086 4.938 6.409 -1.177 0.506 1.282 -0.244 0.304 0.390 
33.000 8.853 26.853 1.000 0.000 7.807 26.836 7.605 27.281 0.793 0.225 0.000 0.001 0.680 0.680 0.207 0.207 0.002 0.002 -0.375 0.828 0.909 1.363 1.363 1.928 -1.046 -0.017 1.046 -1.248 0.428 1.319 -0.207 0.225 0.305 
34.000 9.853 26.853 1.000 0.000 9.671 27.218 8.922 27.387 0.902 0.201 0.000 0.001 0.641 0.641 0.201 0.201 0.002 0.002 -1.273 0.288 1.305 1.304 1.304 1.843 -0.182 0.365 0.408 -0.931 0.534 1.074 -0.098 0.201 0.223 
35.000 10.853 26.853 1.000 0.000 10.397 27.954 10.044 27.728 0.949 0.231 0.000 0.000 0.619 0.619 0.200 0.200 0.002 0.002 -0.573 -0.366 0.680 1.274 1.274 1.802 -0.456 1.101 1.192 -0.809 0.875 1.192 -0.051 0.231 0.236 
36.000 11.853 26.853 1.000 0.000 12.352 27.417 11.494 27.759 1.057 0.188 0.000 0.000 0.608 0.608 0.200 0.200 0.002 0.002 -1.359 0.542 1.464 1.259 1.259 1.780 0.499 0.564 0.753 -0.359 0.906 0.974 0.057 0.188 0.197 
37.000 12.853 26.853 1.000 0.000 12.589 28.074 12.565 27.993 1.060 0.199 0.000 0.000 0.602 0.602 0.200 0.200 0.002 0.002 -0.038 -0.127 0.132 1.252 1.252 1.771 -0.264 1.221 1.249 -0.288 1.140 1.176 0.060 0.199 0.208 
38.000 13.853 26.853 1.000 0.000 14.310 27.960 13.871 28.109 1.115 0.181 0.000 0.000 0.599 0.599 0.201 0.201 0.001 0.001 -0.685 0.232 0.723 1.249 1.249 1.767 0.457 1.107 1.198 0.018 1.256 1.256 0.115 0.181 0.214 
39.000 14.853 26.853 1.000 0.000 12.387 24.827 14.054 27.047 0.907 -0.097 0.000 0.000 0.599 0.599 0.201 0.201 0.001 0.001 2.599 3.462 4.329 1.249 1.249 1.766 -2.466 -2.026 3.192 -0.799 0.194 0.822 -0.093 -0.097 0.134 
40.000 15.853 26.853 1.000 0.000 16.360 16.867 14.969 26.895 0.909 -0.109 0.000 0.000 0.746 0.746 0.224 0.224 0.001 0.001 -1.399 10.084 10.180 1.249 1.249 1.766 0.507 -9.986 9.999 -0.884 0.042 0.885 -0.091 -0.109 0.142 
41.000 16.853 26.853 1.000 0.000 18.567 27.281 17.118 27.014 1.170 -0.061 0.000 0.000 0.679 0.679 0.207 0.207 0.001 0.001 -2.689 -0.496 2.734 1.362 1.362 1.927 1.714 0.428 1.767 0.265 0.161 0.310 0.170 -0.061 0.181 
42.000 17.853 26.853 1.000 0.000 17.204 27.692 17.843 27.257 1.078 0.002 0.000 0.000 0.641 0.641 0.201 0.201 0.001 0.001 1.084 -0.739 1.312 1.303 1.303 1.843 -0.649 0.839 1.061 -0.010 0.404 0.404 0.078 0.002 0.078 
43.000 18.853 26.853 1.000 0.000 17.924 26.501 18.538 26.968 0.998 -0.059 0.000 0.000 0.619 0.619 0.200 0.200 0.001 0.001 0.996 0.758 1.252 1.274 1.274 1.801 -0.929 -0.352 0.993 -0.315 0.115 0.335 -0.002 -0.059 0.059 
44.000 19.853 26.853 1.000 0.000 20.773 27.993 19.992 27.309 1.096 0.027 0.000 0.000 0.607 0.607 0.200 0.200 0.001 0.001 -1.237 -1.083 1.644 1.259 1.259 1.780 0.920 1.140 1.465 0.139 0.456 0.477 0.096 0.027 0.100 
45.000 20.853 26.853 1.000 0.000 18.797 26.605 20.259 27.072 0.915 -0.030 0.000 0.000 0.602 0.602 0.200 0.200 0.001 0.001 2.291 0.732 2.405 1.252 1.252 1.770 -2.056 -0.248 2.071 -0.594 0.219 0.633 -0.085 -0.030 0.091 
46.000 21.853 26.853 1.000 0.000 22.267 28.117 21.566 27.428 1.002 0.055 0.000 0.000 0.599 0.599 0.201 0.201 0.001 0.001 -1.093 -1.076 1.534 1.249 1.249 1.767 0.414 1.264 1.330 -0.287 0.575 0.642 0.002 0.055 0.055 
47.000 22.841 26.697 0.988 -0.156 24.035 26.047 23.094 26.968 1.120 -0.060 0.000 0.000 0.599 0.599 0.201 0.201 0.001 0.001 -1.467 1.436 2.053 1.249 1.249 1.766 1.194 -0.650 1.359 0.253 0.271 0.371 0.132 0.096 0.163 
48.000 23.792 26.388 0.951 -0.309 22.755 28.338 23.691 27.421 1.002 0.055 0.000 0.000 0.599 0.599 0.200 0.200 0.001 0.001 1.459 -1.429 2.042 1.249 1.249 1.766 -1.037 1.950 2.209 -0.101 1.033 1.038 0.051 0.364 0.368 
49.000 24.683 25.934 0.891 -0.454 24.544 26.502 24.639 27.127 0.990 -0.023 0.000 0.000 0.599 0.599 0.200 0.200 0.001 0.001 0.149 0.975 0.986 1.249 1.249 1.766 -0.139 0.568 0.585 -0.044 1.193 1.194 0.099 0.431 0.442 
50.000 25.492 25.346 0.809 -0.588 24.378 24.798 25.181 26.276 0.890 -0.208 0.000 0.000 0.599 0.599 0.200 0.200 0.001 0.001 1.252 2.306 2.624 1.249 1.249 1.766 -1.114 -0.548 1.241 -0.311 0.930 0.981 0.081 0.380 0.388 
51.000 26.199 24.639 0.707 -0.707 26.380 24.602 26.181 25.542 0.915 -0.326 0.000 0.000 0.599 0.599 0.200 0.200 0.001 0.001 -0.310 1.466 1.498 1.249 1.249 1.766 0.181 -0.037 0.185 -0.018 0.903 0.903 0.208 0.381 0.434 
52.000 26.787 23.830 0.588 -0.809 25.328 24.087 26.462 24.810 0.773 -0.417 0.000 0.000 0.599 0.599 0.200 0.200 0.001 0.001 1.768 1.128 2.098 1.249 1.249 1.766 -1.459 0.257 1.481 -0.325 0.980 1.033 0.185 0.392 0.433 
53.000 27.241 22.939 0.454 -0.891 26.748 22.217 27.060 23.613 0.734 -0.592 0.000 0.000 0.599 0.599 0.199 0.199 0.001 0.001 0.486 2.177 2.230 1.249 1.249 1.766 -0.493 -0.722 0.874 -0.181 0.674 0.698 0.280 0.299 0.410 
54.000 27.550 21.988 0.309 -0.951 28.671 21.890 28.108 22.616 0.804 -0.682 0.000 0.000 0.599 0.599 0.199 0.199 0.001 0.001 -0.877 1.131 1.432 1.249 1.249 1.766 1.121 -0.098 1.125 0.558 0.628 0.840 0.495 0.269 0.563 
55.000 27.706 21.000 0.156 -0.988 27.413 20.288 28.375 21.344 0.684 -0.814 0.000 0.000 0.599 0.599 0.199 0.199 0.001 0.001 1.499 1.645 2.226 1.248 1.248 1.766 -0.293 -0.712 0.770 0.669 0.344 0.752 0.528 0.174 0.556 
56.000 27.706 20.000 0.000 -1.000 15.755 13.500 28.985 20.490 0.668 -0.823 0.000 0.000 0.745 0.745 0.223 0.223 0.001 0.001 13.304 7.029 15.047 1.248 1.248 1.766 -11.951 -6.500 13.604 1.279 0.490 1.370 0.668 0.177 0.691 
57.000 27.706 19.000 0.000 -1.000 28.032 19.897 28.906 19.773 0.511 -0.801 0.000 0.000 0.679 0.679 0.206 0.206 0.001 0.001 1.621 -0.230 1.637 1.361 1.361 1.925 0.326 0.897 0.954 1.200 0.773 1.428 0.511 0.199 0.549 
58.000 27.706 18.000 0.000 -1.000 27.323 17.636 28.558 18.424 0.334 -0.914 0.000 -0.000 0.641 0.641 0.200 0.200 0.001 0.001 2.095 1.336 2.485 1.302 1.302 1.842 -0.383 -0.364 0.528 0.852 0.424 0.952 0.334 0.086 0.344 
59.000 27.706 17.000 0.000 -1.000 28.642 18.093 28.796 17.733 0.313 -0.867 0.000 0.000 0.619 0.619 0.199 0.199 0.001 0.001 0.250 -0.583 0.634 1.273 1.273 1.800 0.936 1.093 1.439 1.090 0.733 1.314 0.313 0.133 0.340 
60.000 27.706 16.000 0.000 -1.000 27.236 13.214 28.420 15.521 0.166 -1.156 -0.000 -0.000 0.607 0.607 0.200 0.200 0.001 0.001 1.874 3.652 4.104 1.258 1.258 1.779 -0.470 -2.786 2.825 0.714 -0.479 0.859 0.166 -0.156 0.227 
61.000 27.706 15.000 0.000 -1.000 29.309 16.462 28.847 15.123 0.223 -0.990 -0.000 -0.000 0.601 0.601 0.200 0.200 0.001 0.001 -0.724 -2.097 2.218 1.251 1.251 1.770 1.603 1.462 2.170 1.141 0.123 1.147 0.223 0.010 0.223 
62.000 27.706 14.000 0.000 -1.000 27.315 12.685 28.440 13.614 0.083 -1.105 -0.000 -0.000 0.599 0.599 0.201 0.201 0.001 0.001 1.755 1.448 2.275 1.249 1.249 1.766 -0.391 -1.315 1.372 0.734 -0.386 0.829 0.083 -0.105 0.134 
63.000 27.706 13.000 0.000 -1.000 28.197 13.649 28.406 12.917 0.057 -1.014 -0.000 -0.000 0.599 0.599 0.201 0.201 0.001 0.001 0.326 -1.141 1.186 1.248 1.248 1.765 0.491 0.649 0.814 0.700 -0.083 0.705 0.057 -0.014 0.059 
64.000 27.706 12.000 0.000 -1.000 30.799 18.608 28.476 11.940 0.060 -1.005 -0.000 -0.000 0.745 0.745 0.224 0.224 0.001 0.001 -2.336 -6.705 7.100 1.248 1.248 1.766 3.093 6.608 7.296 0.770 -0.060 0.773 0.060 -0.005 0.060 
65.000 27.706 11.000 0.000 -1.000 28.777 11.139 28.647 11.029 0.083 -0.986 -0.000 -0.000 0.679 0.679 0.207 0.207 0.001 0.001 -0.241 -0.204 0.316 1.362 1.362 1.926 1.071 0.139 1.080 0.941 0.029 0.942 0.083 0.014 0.084 
66.000 27.706 10.000 0.000 -1.000 28.580 8.976 28.669 9.605 0.070 -1.077 -0.000 -0.000 0.641 0.641 0.201 0.201 0.001 0.001 0.150 1.067 1.078 1.303 1.303 1.842 0.874 -1.024 1.346 0.963 -0.395 1.041 0.070 -0.077 0.104 
67.000 27.706 9.000 0.000 -1.000 29.650 8.525 29.088 8.527 0.144 -1.077 -0.000 -0.000 0.619 0.619 0.200 0.200 0.001 0.001 -0.911 0.003 0.911 1.273 1.273 1.801 1.944 -0.475 2.001 1.382 -0.473 1.461 0.144 -0.077 0.163 
68.000 27.706 8.000 0.000 -1.000 24.750 8.668 29.206 7.457 0.138 -1.075 -0.000 -0.000 0.762 0.762 0.223 0.223 0.001 0.001 4.482 -1.218 4.644 1.259 1.259 1.780 -2.956 0.668 3.031 1.500 -0.543 1.595 0.138 -0.075 0.157 
69.000 27.706 7.000 0.000 -1.000 26.251 7.666 27.896 6.983 -0.157 -0.953 -0.000 0.000 0.684 0.684 0.206 0.206 0.001 0.001 3.093 -1.284 3.349 1.371 1.371 1.939 -1.455 0.666 1.600 0.190 -0.017 0.191 -0.157 0.047 0.164 
70.000 27.706 6.000 0.000 -1.000 27.522 5.152 27.650 5.668 -0.175 -1.027 -0.000 -0.000 0.642 0.642 0.201 0.201 0.001 0.001 0.217 0.878 0.905 1.304 1.304 1.845 -0.184 -0.848 0.868 -0.056 -0.332 0.337 -0.175 -0.027 0.177 
71.000 27.706 5.000 0.000 -1.000 28.622 5.652 27.914 5.029 -0.084 -0.946 -0.000 0.000 0.619 0.619 0.201 0.201 0.001 0.001 -1.148 -1.011 1.529 1.273 1.273 1.801 0.916 0.652 1.124 0.208 0.029 0.210 -0.084 0.054 0.100 
72.000 27.550 4.012 -0.156 -0.988 23.765 1.491 27.807 4.068 -0.089 -0.949 -0.000 0.000 0.762 0.762 0.224 0.224 0.001 0.001 4.066 2.592 4.821 1.258 1.258 1.779 -3.785 -2.521 4.548 0.257 0.056 0.263 0.067 0.039 0.078 
73.000 27.241 3.061 -0.309 -0.951 28.273 2.867 27.978 3.001 -0.036 -0.973 -0.000 0.000 0.684 0.684 0.207 0.207 0.001 0.001 -0.555 0.252 0.609 1.371 1.371 1.939 1.032 -0.194 1.050 0.737 -0.060 0.739 0.273 -0.022 0.274 
74.000 26.787 2.170 -0.454 -0.891 27.491 1.341 27.756 1.745 -0.074 -1.031 -0.000 -0.000 0.642 0.642 0.202 0.202 0.001 0.001 0.451 0.687 0.822 1.305 1.305 1.845 0.704 -0.829 1.088 0.969 -0.425 1.058 0.380 -0.140 0.405 
75.000 26.199 1.361 -0.588 -0.809 25.366 0.865 26.794 0.772 -0.260 -1.019 -0.000 -0.000 0.619 0.619 0.201 0.201 0.001 0.001 2.316 -0.151 2.321 1.274 1.274 1.801 -0.833 -0.496 0.969 0.595 -0.589 0.838 0.328 -0.210 0.390 
76.000 25.492 0.654 -0.707 -0.707 24.986 0.696 25.963 0.101 -0.382 -0.944 -0.000 0.000 0.607 0.607 0.201 0.201 0.001 0.001 1.549 -0.943 1.813 1.259 1.259 1.780 -0.506 0.042 0.508 0.471 -0.553 0.727 0.325 -0.237 0.402 
77.000 24.683 0.066 -0.809 -0.588 25.717 -1.467 25.630 -1.069 -0.372 -0.994 -0.000 -0.000 0.602 0.602 0.201 0.201 0.001 0.001 -0.136 0.624 0.638 1.252 1.252 1.771 1.034 -1.533 1.849 0.947 -1.135 1.479 0.437 -0.406 0.597 
78.000 23.792 -0.388 -0.891 -0.454 23.725 0.219 24.707 -1.242 -0.494 -0.811 -0.000 0.000 0.600 0.600 0.201 0.201 0.001 0.001 1.534 -2.282 2.749 1.250 1.250 1.767 -0.067 0.607 0.611 0.915 -0.854 1.252 0.397 -0.357 0.533 
79.000 22.841 -0.697 -0.951 -0.309 22.994 -0.115 23.775 -1.357 -0.593 -0.655 -0.000 0.000 0.599 0.599 0.201 0.201 0.001 0.001 1.218 -1.938 2.289 1.249 1.249 1.767 0.153 0.582 0.602 0.934 -0.660 1.144 0.358 -0.346 0.498 
80.000 21.853 -0.853 -0.988 -0.156 24.760 -3.943 23.749 -2.706 -0.465 -0.811 -0.000 0.000 0.599 0.599 0.201 0.201 0.001 0.001 -1.578 1.931 2.494 1.249 1.249 1.767 2.907 -3.090 4.242 1.896 -1.853 2.651 0.523 -0.655 0.838 
81.000 20.853 -0.853 -1.000 0.000 19.755 1.569 23.264 -3.488 -0.470 -0.804 -0.000 0.000 0.747 0.747 0.224 0.224 0.001 0.001 3.529 -5.085 6.190 1.249 1.249 1.767 -1.098 2.422 2.659 2.411 -2.635 3.571 0.530 -0.804 0.963 
82.000 19.853 -0.853 -1.000 0.000 21.078 0.186 22.002 -2.224 -0.636 -0.370 -0.000 0.000 0.680 0.680 0.206 0.206 0.001 0.001 1.716 -4.478 4.796 1.363 1.363 1.928 1.225 1.039 1.606 2.149 -1.371 2.549 0.364 -0.370 0.519 
83.000 18.853 -0.853 -1.000 0.000 20.188 -0.164 20.881 -1.594 -0.737 -0.163 -0.000 0.000 0.641 0.641 0.201 0.201 0.001 0.001 1.177 -2.430 2.700 1.303 1.303 1.843 1.335 0.689 1.502 2.028 -0.741 2.159 0.263 -0.163 0.310 
84.000 17.853 -0.853 -1.000 0.000 17.900 -2.238 19.284 -1.941 -0.917 -0.201 -0.000 0.000 0.619 0.619 0.200 0.200 0.001 0.001 2.244 0.481 2.295 1.274 1.274 1.801 0.047 -1.385 1.386 1.431 -1.088 1.798 0.083 -0.201 0.218 
85.000 16.853 -0.853 -1.000 0.000 19.082 -1.141 18.630 -1.773 -0.861 -0.122 -0.000 0.000 0.607 0.607 0.200 0.200 0.001 0.001 -0.715 -1.002 1.231 1.259 1.259 1.780 2.229 -0.288 2.248 1.777 -0.920 2.002 0.139 -0.122 0.185 
86.000 15.853 -0.853 -1.000 0.000 12.468 -1.637 17.740 -1.894 -0.867 -0.122 -0.000 0.000 0.751 0.751 0.223 0.223 0.001 0.001 5.302 -0.259 5.308 1.252 1.252 1.770 -3.385 -0.784 3.475 1.887 -1.041 2.155 0.133 -0.122 0.180 
87.000 14.853 -0.853 -1.000 0.000 14.101 -1.133 15.591 -1.608 -1.133 -0.037 -0.000 0.000 0.680 0.680 0.207 0.207 0.001 0.001 2.772 -0.883 2.909 1.364 1.364 1.929 -0.752 -0.280 0.802 0.738 -0.755 1.056 -0.133 -0.037 0.138 
88.000 13.853 -0.853 -1.000 0.000 14.448 -1.825 14.454 -1.719 -1.134 -0.052 -0.000 0.000 0.641 0.641 0.201 0.201 0.001 0.001 0.011 0.180 0.180 1.303 1.303 1.842 0.595 -0.972 1.140 0.601 -0.866 1.054 -0.134 -0.052 0.143 
89.000 12.853 -0.853 -1.000 0.000 12.093 -0.565 12.851 -1.309 -1.232 0.045 -0.000 0.000 0.619 0.619 0.200 0.200 0.001 0.001 1.228 -1.206 1.721 1.273 1.273 1.800 -0.760 0.288 0.813 -0.002 -0.456 0.456 -0.232 0.045 0.236 
90.000 11.853 -0.853 -1.000 0.000 12.546 -1.795 11.960 -1.460 -1.159 0.003 -0.000 0.000 0.607 0.607 0.201 0.201 0.001 0.001 -0.928 0.530 1.068 1.258 1.258 1.780 0.693 -0.942 1.169 0.107 -0.607 0.617 -0.159 0.003 0.159 
91.000 10.853 -0.853 -1.000 0.000 11.243 -0.158 10.961 -0.987 -1.124 0.106 -0.000 0.000 0.602 0.602 0.201 0.201 0.001 0.001 -0.441 -1.300 1.373 1.252 1.252 1.770 0.390 0.695 0.797 0.108 -0.134 0.173 -0.124 0.106 0.163 
92.000 9.853 -0.853 -1.000 0.000 9.514 0.580 9.721 -0.356 -1.150 0.223 -0.000 0.000 0.600 0.600 0.201 0.201 0.001 0.001 0.324 -1.461 1.497 1.249 1.249 1.767 -0.339 1.433 1.473 -0.132 0.497 0.514 -0.150 0.223 0.268 
93.000 8.853 -0.853 -1.000 0.000 9.391 -0.133 8.866 -0.133 -1.084 0.223 -0.000 0.000 0.599 0.599 0.201 0.201 0.001 0.001 -0.819 -0.001 0.819 1.249 1.249 1.766 0.538 0.720 0.899 0.013 0.720 0.720 -0.084 0.223 0.238 
94.000 7.853 -0.853 -1.000 0.000 8.459 1.186 8.025 0.483 -1.029 0.311 -0.000 0.000 0.599 0.599 0.200 0.200 0.001 0.001 -0.677 -1.097 1.289 1.249 1.249 1.766 0.606 2.039 2.127 0.172 1.336 1.347 -0.029 0.311 0.312 
95.000 6.853 -0.853 -1.000 0.000 8.628 -1.333 7.582 0.030 -0.898 0.140 -0.000 0.000 0.599 0.599 0.200 0.200 0.001 0.001 -1.632 2.127 2.681 1.249 1.249 1.766 1.775 -0.480 1.839 0.729 0.883 1.145 0.102 0.140 0.173 
96.000 5.853 -0.853 -1.000 0.000 -6.754 -4.563 6.609 0.144 -0.914 0.134 -0.000 0.000 0.746 0.746 0.223 0.223 0.001 0.001 13.438 4.733 14.247 1.249 1.249 1.767 -12.607 -3.710 13.142 0.756 0.997 1.251 0.086 0.134 0.159 
97.000 4.853 -0.853 -1.000 0.000 5.233 -0.260 5.482 0.029 -0.959 0.082 -0.000 0.000 0.679 0.679 0.206 0.206 0.001 0.001 0.462 0.537 0.708 1.363 1.363 1.927 0.380 0.593 0.704 0.629 0.882 1.083 0.041 0.082 0.091 
98.000 3.853 -0.853 -1.000 0.000 4.550 -1.337 4.534 -0.484 -0.957 -0.041 -0.000 0.000 0.641 0.641 0.201 0.201 0.001 0.001 -0.028 1.448 1.448 1.303 1.303 1.843 0.697 -0.484 0.849 0.681 0.369 0.774 0.043 -0.041 0.060 
99.000 2.853 -0.853 -1.000 0.000 2.739 -2.660 3.256 -1.343 -1.024 -0.213 -0.000 -0.000 0.619 0.619 0.199 0.199 0.001 0.001 0.838 2.134 2.293 1.273 1.273 1.801 -0.114 -1.807 1.811 0.403 -0.490 0.635 -0.024 -0.213 0.214 
