0.000 0.000 0.000 0.000 0.000 -1.392 0.204 -1.392 0.204 -0.014 0.002 0.000 0.000 0.010 0.010 3.147 3.147 0.902 0.902 1.392 -0.204 1.407 30.147 30.147 42.634 -1.392 0.204 1.407 -1.392 0.204 1.407 -0.014 0.002 0.014 
1.000 0.000 1.000 0.000 1.000 -1.045 3.279 -1.045 3.279 0.380 3.354 0.029 0.249 0.010 0.010 0.856 0.856 0.772 0.772 -0.361 -3.073 3.094 3.147 3.147 4.450 -1.045 2.279 2.507 -1.045 2.279 2.507 0.380 2.354 2.384 
2.000 0.000 2.000 0.000 1.000 -0.858 2.385 -0.858 2.386 0.041 -4.499 -0.130 -3.220 0.010 0.010 nan nan 0.047 0.047 0.193 4.248 4.252 0.856 0.856 1.211 -0.858 0.385 0.940 -0.858 0.386 0.941 0.041 -5.499 5.500 
3.000 0.000 3.000 0.000 1.000 -1.099 2.683 -1.103 2.749 -0.281 -4.457 -0.198 -1.529 0.010 0.010 0.054 0.054 0.065 0.065 0.282 -4.797 4.805 nan nan nan -1.099 -0.317 1.144 -1.103 -0.251 1.131 -0.281 -5.457 5.464 
4.000 0.000 4.000 0.000 1.000 0.538 4.152 0.480 3.975 5.510 12.276 1.008 2.240 0.010 0.010 nan nan 0.063 0.063 -1.922 -5.859 6.166 0.058 0.058 0.081 0.538 0.152 0.559 0.480 -0.025 0.481 5.510 11.276 12.550 
5.000 0.000 5.000 0.000 1.000 -1.065 4.564 -1.138 4.443 3.076 8.813 1.213 2.522 0.010 0.010 0.081 0.081 0.071 0.071 7.055 11.686 13.651 nan nan nan -1.065 -0.436 1.151 -1.138 -0.557 1.267 3.076 7.813 8.397 
6.000 0.000 6.000 0.000 1.000 -1.011 4.570 -0.968 4.697 -2.734 -9.351 -0.728 -3.088 0.010 0.010 nan nan 0.057 0.057 2.949 8.687 9.173 0.083 0.083 0.117 -1.011 -1.430 1.751 -0.968 -1.303 1.623 -2.734 -10.351 10.706 
7.000 0.000 7.000 0.000 1.000 -0.157 9.360 -0.107 9.556 -2.050 -6.859 -0.539 -2.321 0.010 0.010 0.077 0.077 0.067 0.067 -3.545 -14.014 14.455 nan nan nan -0.157 2.360 2.365 -0.107 2.556 2.558 -2.050 -7.859 8.122 
8.000 0.000 8.000 0.000 1.000 -1.584 6.504 -1.593 6.442 -1.229 -0.154 -0.174 -0.026 0.010 0.010 nan nan 0.060 0.060 -0.573 -3.807 3.850 0.079 0.079 0.111 -1.584 -1.496 2.179 -1.593 -1.558 2.228 -1.229 -1.154 1.686 
9.000 0.000 9.000 0.000 1.000 0.799 8.386 0.856 8.419 -0.649 0.257 -0.386 -0.156 0.010 0.010 0.087 0.087 0.069 0.069 -3.622 -2.098 4.185 nan nan nan 0.799 -0.614 1.008 0.856 -0.581 1.035 -0.649 -0.743 0.986 
10.000 0.000 10.000 0.000 1.000 -1.208 9.839 -1.190 9.824 -4.115 2.631 -1.072 0.455 0.010 0.010 nan nan 0.060 0.060 1.416 -1.163 1.832 0.089 0.089 0.125 -1.208 -0.161 1.219 -1.190 -0.176 1.203 -4.115 1.631 4.426 
11.000 0.000 11.000 0.000 1.000 0.785 9.523 0.900 9.468 -4.998 2.994 -1.549 0.690 0.010 0.010 0.093 0.093 0.069 0.069 -6.090 2.932 6.759 nan nan nan 0.785 -1.477 1.673 0.900 -1.532 1.777 -4.998 1.994 5.381 
12.000 0.000 12.000 0.000 1.000 1.226 12.342 1.166 12.343 4.453 3.436 1.118 0.564 0.010 0.010 nan nan 0.061 0.061 -5.325 0.120 5.326 0.094 0.094 0.133 1.226 0.342 1.273 1.166 0.343 1.215 4.453 2.436 5.076 
13.000 0.000 13.000 0.000 1.000 -0.880 13.535 -1.025 13.485 6.967 4.483 2.129 0.896 0.010 0.010 0.102 0.102 0.070 0.070 6.499 2.245 6.875 nan nan nan -0.880 0.535 1.030 -1.025 0.485 1.134 6.967 3.483 7.789 
14.000 0.000 14.000 0.000 1.000 -2.088 14.557 -2.012 14.589 -6.540 -1.263 -1.630 -0.700 0.010 0.010 nan nan 0.061 0.061 8.030 3.411 8.724 0.103 0.103 0.145 -2.088 0.557 2.161 -2.012 0.589 2.096 -6.540 -2.263 6.921 
15.000 0.000 15.000 0.000 1.000 1.510 15.147 1.779 15.196 -13.316 -2.894 -4.017 -1.091 0.010 0.010 0.111 0.111 0.071 0.071 -10.062 -1.821 10.226 nan nan nan 1.510 0.147 1.517 1.779 0.196 1.789 -13.316 -3.894 13.874 
16.000 0.000 16.000 0.000 1.000 3.918 18.766 3.794 18.714 11.200 7.949 2.749 1.680 0.010 0.010 nan nan 0.061 0.061 -15.455 -6.465 16.753 0.112 0.112 0.158 3.918 2.766 4.796 3.794 2.714 4.665 11.200 6.949 13.180 
17.000 0.000 17.000 0.000 1.000 -0.812 17.072 -1.328 16.759 28.436 18.419 8.313 5.055 0.010 0.010 0.123 0.123 0.073 0.073 15.806 9.591 18.488 nan nan nan -0.812 0.072 0.815 -1.328 -0.241 1.349 28.436 17.419 33.347 
18.000 0.000 18.000 0.000 1.000 -1.926 16.171 -1.735 16.296 -14.068 -9.794 -3.700 -2.771 0.010 0.010 nan nan 0.062 0.062 29.034 19.007 34.702 0.123 0.123 0.174 -1.926 -1.829 2.656 -1.735 -1.704 2.431 -14.068 -10.794 17.732 
19.000 0.000 19.000 0.000 1.000 -0.891 19.736 -0.279 20.279 -39.939 -32.240 -11.233 -9.507 0.010 0.010 0.138 0.138 0.075 0.075 -14.912 -13.233 19.937 nan nan nan -0.891 0.736 1.156 -0.279 1.279 1.309 -39.939 -33.240 51.962 
20.000 0.000 20.000 0.000 1.000 -0.794 20.753 -1.002 20.580 14.313 12.592 4.073 3.212 0.010 0.010 nan nan 0.062 0.062 -39.424 -32.714 51.229 0.138 0.138 0.195 -0.794 0.753 1.094 -1.002 0.580 1.158 14.313 11.592 18.418 
21.000 0.000 21.000 0.000 1.000 1.213 19.185 0.558 18.428 47.167 49.080 13.133 13.837 0.010 0.010 0.158 0.158 0.078 0.078 12.097 13.987 18.492 nan nan nan 1.213 -1.815 2.183 0.558 -2.572 2.632 47.167 48.080 67.353 
22.000 0.156 21.988 0.156 0.988 1.109 21.185 1.297 21.372 -13.159 -10.080 -3.831 -3.099 0.010 0.010 nan nan 0.063 0.063 46.615 46.323 65.718 0.158 0.158 0.223 0.953 -0.803 1.246 1.141 -0.616 1.297 -13.315 -11.068 17.315 
23.000 0.465 22.939 0.309 0.951 0.306 22.597 1.253 23.477 -65.507 -58.257 -18.501 -16.775 0.010 0.010 0.190 0.190 0.083 0.083 -12.168 -11.306 16.610 nan nan nan -0.159 -0.342 0.377 0.788 0.538 0.954 -65.816 -59.208 88.529 
24.000 0.919 23.830 0.454 0.891 4.045 18.862 3.852 18.711 18.015 5.097 4.693 1.666 0.010 0.010 nan nan 0.063 0.063 -68.299 -53.642 86.846 0.188 0.188 0.266 3.126 -4.968 5.870 2.933 -5.119 5.900 17.561 4.206 18.057 
25.000 1.507 24.639 0.588 0.809 2.410 27.251 -0.208 27.714 175.319 -20.248 49.509 -6.516 0.011 0.011 0.249 0.249 0.095 0.095 19.457 -3.444 19.759 nan nan nan 0.903 2.612 2.764 -1.715 3.075 3.521 174.731 -21.057 175.995 
26.000 2.214 25.346 0.707 0.707 1.367 26.248 1.652 26.217 -20.769 -0.215 -5.798 -0.421 0.010 0.010 nan nan 0.063 0.063 173.744 -18.782 174.756 0.247 0.247 0.349 -0.847 0.902 1.237 -0.562 0.871 1.036 -21.476 -0.922 21.495 
27.000 3.023 25.934 0.809 0.588 2.450 26.607 12.523 26.889 -683.189 -19.047 -193.233 -5.650 0.012 0.012 0.465 0.465 0.146 0.146 -21.566 -0.605 21.575 nan nan nan -0.573 0.673 0.884 9.500 0.955 9.548 -683.998 -19.635 684.280 
28.000 3.914 26.388 0.891 0.454 2.778 26.450 2.457 26.441 22.118 0.130 6.173 -0.110 0.010 0.010 nan nan 0.064 0.064 -673.444 -18.608 673.701 0.458 0.458 0.648 -1.136 0.062 1.138 -1.457 0.053 1.458 21.227 -0.324 21.229 
29.000 4.865 26.697 0.951 0.309 5.267 25.785 11.510 26.039 -421.214 -18.272 -119.412 -5.184 0.008 0.008 nan nan nan nan 19.308 0.786 19.324 0.018 0.018 0.025 0.402 -0.912 0.997 6.645 -0.658 6.678 -422.165 -18.581 422.573 
30.000 5.853 26.853 0.988 0.156 5.777 26.740 6.065 26.753 -19.262 0.352 -5.696 -0.018 0.010 0.010 0.020 0.020 0.064 0.064 -415.481 -18.973 415.914 nan nan nan -0.076 -0.113 0.136 0.212 -0.100 0.234 -20.250 0.196 20.251 
31.000 6.853 26.853 1.000 0.000 6.743 24.839 4.350 25.111 163.679 -21.104 46.017 -5.829 0.009 0.009 nan nan nan nan -19.940 2.266 20.069 0.029 0.029 0.041 -0.110 -2.014 2.017 -2.503 -1.742 3.050 162.679 -21.104 164.042 
32.000 7.853 26.853 1.000 0.000 11.939 31.791 11.646 31.843 26.387 5.696 6.731 0.928 0.010 0.010 0.030 0.030 0.064 0.064 156.089 -27.784 158.543 nan nan nan 4.086 4.938 6.409 3.793 4.990 6.268 25.387 5.696 26.019 
33.000 8.853 26.853 1.000 0.000 7.807 26.836 10.023 27.621 -156.843 -60.643 -44.330 -17.008 0.010 0.010 nan nan 0.037 0.037 30.227 10.704 32.066 0.037 0.037 0.052 -1.046 -0.017 1.046 1.170 0.768 1.399 -157.843 -60.643 169.091 
34.000 9.853 26.853 1.000 0.000 9.671 27.218 10.155 27.404 -30.314 -11.880 -8.777 -3.327 0.010 0.010 0.039 0.039 0.065 0.065 -156.491 -60.240 167.685 nan nan nan -0.182 0.365 0.408 0.302 0.551 0.628 -31.314 -11.880 33.492 
35.000 10.853 26.853 1.000 0.000 10.397 27.954 8.796 27.303 109.490 45.231 30.753 12.728 0.010 0.010 nan nan 0.046 0.046 -30.557 -12.429 32.988 0.044 0.044 0.062 -0.456 1.101 1.192 -2.057 0.450 2.105 108.490 45.231 117.541 
36.000 11.853 26.853 1.000 0.000 12.352 27.417 11.891 27.221 33.674 12.571 9.182 3.578 0.010 0.010 0.046 0.046 0.065 0.065 105.935 45.117 115.142 nan nan nan 0.499 0.564 0.753 0.038 0.368 0.370 32.674 12.571 35.009 
37.000 12.853 26.853 1.000 0.000 12.589 28.074 13.921 28.547 -90.628 -31.285 -25.854 -8.904 0.010 0.010 nan nan 0.051 0.051 32.976 11.718 34.996 0.050 0.050 0.070 -0.264 1.221 1.249 1.068 1.694 2.003 -91.628 -31.285 96.821 
38.000 13.853 26.853 1.000 0.000 14.310 27.960 14.827 28.134 -33.145 -12.082 -9.703 -3.438 0.010 0.010 0.052 0.052 0.065 0.065 -91.016 -30.697 96.054 nan nan nan 0.457 1.107 1.198 0.974 1.281 1.610 -34.145 -12.082 36.220 
39.000 14.853 26.853 1.000 0.000 12.387 24.827 11.387 24.541 65.074 15.320 18.408 4.661 0.010 0.010 nan nan 0.054 0.054 -30.705 -8.774 31.934 0.055 0.055 0.078 -2.466 -2.026 3.192 -3.466 -2.312 4.166 64.074 15.320 65.880 
40.000 15.853 26.853 1.000 0.000 16.360 16.867 15.933 16.704 34.252 1.146 9.249 1.395 0.010 0.010 0.058 0.058 0.066 0.066 60.101 22.994 64.350 nan nan nan 0.507 -9.986 9.999 0.080 -10.149 10.150 33.252 1.146 33.272 
41.000 16.853 26.853 1.000 0.000 18.567 27.281 19.420 27.027 -55.615 32.106 -16.226 8.579 0.010 0.010 nan nan 0.055 0.055 31.618 -9.431 32.995 0.061 0.061 0.086 1.714 0.428 1.767 2.567 0.174 2.572 -56.615 32.106 65.085 
42.000 17.853 26.853 1.000 0.000 17.204 27.692 17.665 27.420 -33.688 18.221 -9.681 4.823 0.010 0.010 0.064 0.064 0.066 0.066 -53.399 31.441 61.968 nan nan nan -0.649 0.839 1.061 -0.188 0.567 0.598 -34.688 18.221 39.182 
43.000 18.853 26.853 1.000 0.000 17.924 26.501 17.152 26.936 53.281 -31.450 14.884 -8.965 0.010 0.010 nan nan 0.057 0.057 -33.947 19.140 38.971 0.066 0.066 0.094 -0.929 -0.352 0.993 -1.701 0.083 1.703 52.281 -31.450 61.011 
44.000 19.853 26.853 1.000 0.000 20.773 27.993 20.260 28.329 38.407 -20.936 10.436 -6.131 0.010 0.010 0.070 0.070 0.067 0.067 49.660 -32.507 59.353 nan nan nan 0.920 1.140 1.465 0.407 1.476 1.531 37.407 -20.936 42.867 
45.000 20.853 26.853 1.000 0.000 18.797 26.605 19.570 26.233 -55.589 23.255 -15.755 6.600 0.010 0.010 nan nan 0.058 0.058 39.870 -19.212 44.257 0.072 0.072 0.102 -2.056 -0.248 2.071 -1.283 -0.620 1.425 -56.589 23.255 61.181 
46.000 21.853 26.853 1.000 0.000 22.267 28.117 22.980 27.855 -43.950 19.811 -12.836 5.447 0.010 0.010 0.076 0.076 0.067 0.067 -58.286 21.371 62.080 nan nan nan 0.414 1.264 1.330 1.127 1.002 1.509 -44.950 19.811 49.123 
47.000 22.841 26.697 0.988 -0.156 24.035 26.047 23.286 26.407 52.686 -27.330 14.456 -7.591 0.010 0.010 nan nan 0.059 0.059 -45.005 21.619 49.929 0.078 0.078 0.110 1.194 -0.650 1.359 0.445 -0.290 0.532 51.698 -27.174 58.404 
48.000 23.792 26.388 0.951 -0.309 22.755 28.338 21.988 28.760 50.002 -25.497 14.009 -7.381 0.010 0.010 0.082 0.082 0.068 0.068 53.217 -29.261 60.731 nan nan nan -1.037 1.950 2.209 -1.804 2.372 2.980 49.051 -25.188 55.140 
49.000 24.683 25.934 0.891 -0.454 24.544 26.502 25.223 26.169 -43.907 19.980 -12.693 5.749 0.010 0.010 nan nan 0.059 0.059 47.446 -23.239 52.831 0.084 0.084 0.118 -0.139 0.568 0.585 0.540 0.235 0.589 -44.798 20.434 49.238 
50.000 25.492 25.346 0.809 -0.588 24.378 24.798 25.108 24.436 -50.186 22.549 -14.339 6.620 0.010 0.010 0.089 0.089 0.068 0.068 -43.062 21.352 48.065 nan nan nan -1.114 -0.548 1.241 -0.384 -0.910 0.988 -50.995 23.137 55.998 
51.000 26.199 24.639 0.707 -0.707 26.380 24.602 25.747 24.877 45.484 -18.683 12.546 -5.113 0.010 0.010 nan nan 0.060 0.060 -51.457 22.383 56.115 0.090 0.090 0.128 0.181 -0.037 0.185 -0.452 0.238 0.511 44.777 -17.976 48.251 
52.000 26.787 23.830 0.588 -0.809 25.328 24.087 24.409 24.445 60.752 -24.857 17.102 -6.867 0.010 0.010 0.097 0.097 0.069 0.069 45.903 -17.893 49.267 nan nan nan -1.459 0.257 1.481 -2.378 0.615 2.457 60.164 -24.048 64.792 
53.000 27.241 22.939 0.454 -0.891 26.748 22.217 27.363 21.979 -39.965 13.919 -11.504 4.239 0.010 0.010 nan nan 0.061 0.061 58.413 -22.628 62.643 0.097 0.097 0.138 -0.493 -0.722 0.874 0.122 -0.960 0.968 -40.419 14.810 43.047 
54.000 27.550 21.988 0.309 -0.951 28.671 21.890 29.655 21.556 -64.594 22.612 -18.597 6.613 0.010 0.010 0.105 0.105 0.070 0.070 -41.274 14.007 43.586 nan nan nan 1.121 -0.098 1.125 2.105 -0.432 2.148 -64.903 23.563 69.048 
55.000 27.706 21.000 0.156 -0.988 27.413 20.288 26.857 20.501 35.786 -16.342 10.053 -4.309 0.010 0.010 nan nan 0.061 0.061 -62.352 23.880 66.769 0.106 0.106 0.150 -0.293 -0.712 0.770 -0.849 -0.499 0.985 35.630 -15.354 38.797 
56.000 27.706 20.000 0.000 -1.000 15.755 13.500 14.407 13.769 76.440 -26.746 22.849 -6.627 0.010 0.010 0.116 0.116 0.072 0.072 46.888 -9.341 47.809 nan nan nan -11.951 -6.500 13.604 -13.299 -6.231 14.687 76.440 -25.746 80.659 
57.000 27.706 19.000 0.000 -1.000 28.032 19.897 28.500 19.652 -14.304 26.076 -4.653 7.233 0.010 0.010 nan nan 0.062 0.062 62.814 -32.875 70.897 0.116 0.116 0.164 0.326 0.897 0.954 0.794 0.652 1.027 -14.304 27.076 30.622 
58.000 27.706 18.000 0.000 -1.000 27.323 17.636 27.789 16.640 -33.514 64.464 -9.745 18.404 0.010 0.010 0.128 0.128 0.073 0.073 -13.127 28.092 31.008 nan nan nan -0.383 -0.364 0.528 0.083 -1.360 1.363 -33.514 65.464 73.544 
59.000 27.706 17.000 0.000 -1.000 28.642 18.093 28.433 18.476 15.700 -25.231 4.124 -7.079 0.010 0.010 nan nan 0.062 0.062 -34.368 63.011 71.774 0.128 0.128 0.181 0.936 1.093 1.439 0.727 1.476 1.646 15.700 -24.231 28.872 
60.000 27.706 16.000 0.000 -1.000 27.236 13.214 26.470 14.119 49.869 -67.816 14.062 -18.603 0.010 0.010 0.145 0.145 0.076 0.076 16.897 -19.968 26.158 nan nan nan -0.470 -2.786 2.825 -1.236 -1.881 2.251 49.869 -66.816 83.375 
61.000 27.706 15.000 0.000 -1.000 29.309 16.462 29.535 16.125 -12.631 27.796 -3.825 7.844 0.010 0.010 nan nan 0.062 0.062 47.030 -70.159 84.464 0.144 0.144 0.204 1.603 1.462 2.170 1.829 1.125 2.147 -12.631 28.796 31.444 
62.000 27.706 14.000 0.000 -1.000 27.315 12.685 27.954 10.767 -46.354 125.334 -13.039 35.849 0.010 0.010 0.169 0.169 0.080 0.080 -10.412 31.236 32.926 nan nan nan -0.391 -1.315 1.372 0.248 -3.233 3.242 -46.354 126.334 134.569 
63.000 27.706 13.000 0.000 -1.000 28.197 13.649 28.031 14.085 12.557 -27.896 3.490 -7.746 0.010 0.010 nan nan 0.063 0.063 -46.596 122.452 131.018 0.168 0.168 0.237 0.491 0.649 0.814 0.325 1.085 1.133 12.557 -26.896 29.683 
64.000 27.706 12.000 0.000 -1.000 30.799 18.608 29.889 21.622 65.166 -198.311 18.103 -56.523 0.010 0.010 0.207 0.207 0.087 0.087 9.789 -32.419 33.864 nan nan nan 3.093 6.608 7.296 2.183 9.622 9.867 65.166 -197.311 207.794 
65.000 27.706 11.000 0.000 -1.000 28.777 11.139 28.934 10.694 -13.686 19.932 -3.840 6.186 0.010 0.010 nan nan 0.063 0.063 66.278 -187.828 199.179 0.205 0.205 0.291 1.071 0.139 1.080 1.228 -0.306 1.265 -13.686 20.932 25.010 
66.000 27.706 10.000 0.000 -1.000 28.580 8.976 31.051 4.963 -168.160 270.738 -47.509 77.106 0.011 0.011 0.293 0.293 0.104 0.104 -13.332 21.651 25.426 nan nan nan 0.874 -1.024 1.346 3.345 -5.037 6.047 -168.160 271.738 319.561 
67.000 27.706 9.000 0.000 -1.000 29.650 8.525 29.451 8.844 14.978 -21.692 4.139 -5.741 0.010 0.010 nan nan 0.063 0.063 -166.759 267.175 314.946 0.289 0.289 0.409 1.944 -0.475 2.001 1.745 -0.156 1.752 14.978 -20.692 25.544 
68.000 27.706 8.000 0.000 -1.000 24.750 8.668 -123.578 170.839 10075.867 -11022.784 2849.227 -3116.241 0.029 0.029 1.866 1.866 0.531 0.531 19.679 -21.516 29.158 nan nan nan -2.956 0.668 3.031 -151.284 162.839 222.269 10075.867 -11021.784 14933.279 
69.000 27.706 7.000 0.000 -1.000 26.251 7.666 26.545 7.345 -17.394 20.741 -4.796 6.115 0.010 0.010 0.007 0.007 0.064 0.064 9926.039 -10859.610 14712.491 1.839 1.839 2.601 -1.455 0.666 1.600 -1.161 0.345 1.212 -17.394 21.741 27.843 
70.000 27.706 6.000 0.000 -1.000 27.522 5.152 23.917 9.653 246.801 -308.940 69.718 -86.917 0.009 0.009 nan nan nan nan -18.372 22.934 29.385 0.023 0.023 0.032 -0.184 -0.848 0.868 -3.789 3.653 5.263 246.801 -307.940 394.637 
71.000 27.706 5.000 0.000 -1.000 28.622 5.652 28.345 6.000 20.145 -22.550 5.540 -6.170 0.010 0.010 0.024 0.024 0.064 0.064 242.096 -304.940 389.356 nan nan nan 0.916 0.652 1.124 0.639 1.000 1.187 20.145 -21.550 29.499 
72.000 27.550 4.012 -0.156 -0.988 23.765 1.491 26.153 -0.251 -168.820 113.201 -47.291 32.591 0.010 0.010 nan nan 0.022 0.022 24.725 -18.041 30.607 0.032 0.032 0.046 -3.785 -2.521 4.548 -1.397 -4.263 4.486 -168.664 114.189 203.682 
73.000 27.241 3.061 -0.309 -0.951 28.273 2.867 28.672 2.610 -20.717 19.961 -6.091 5.845 0.010 0.010 0.034 0.034 0.064 0.064 -170.940 110.082 203.319 nan nan nan 1.032 -0.194 1.050 1.431 -0.451 1.501 -20.408 20.912 29.220 
74.000 26.787 2.170 -0.454 -0.891 27.491 1.341 26.247 2.692 83.155 -93.696 23.462 -26.194 0.010 0.010 nan nan 0.041 0.041 -19.535 21.230 28.850 0.040 0.040 0.056 0.704 -0.829 1.088 -0.540 0.522 0.751 83.609 -92.805 124.912 
75.000 26.199 1.361 -0.588 -0.809 25.366 0.865 25.066 1.193 17.590 -22.566 5.175 -6.148 0.010 0.010 0.041 0.041 0.065 0.065 84.036 -91.868 124.506 nan nan nan -0.833 -0.496 0.969 -1.133 -0.168 1.145 18.178 -21.757 28.351 
76.000 25.492 0.654 -0.707 -0.707 24.986 0.696 25.818 -0.344 -56.816 70.678 -15.902 20.144 0.010 0.010 nan nan 0.048 0.048 17.670 -22.069 28.272 0.046 0.046 0.065 -0.506 0.042 0.508 0.326 -0.998 1.050 -56.109 71.385 90.797 
77.000 24.683 0.066 -0.809 -0.588 25.717 -1.467 25.992 -1.815 -17.592 21.032 -4.955 6.283 0.010 0.010 0.048 0.048 0.065 0.065 -56.714 71.802 91.499 nan nan nan 1.034 -1.533 1.849 1.309 -1.881 2.292 -16.783 21.620 27.369 
78.000 23.792 -0.388 -0.891 -0.454 23.725 0.219 23.157 0.923 35.988 -45.248 10.407 -12.774 0.010 0.010 nan nan 0.052 0.052 -15.324 18.997 24.407 0.052 0.052 0.073 -0.067 0.607 0.611 -0.635 1.311 1.456 36.879 -44.794 58.023 
79.000 22.841 -0.697 -0.951 -0.309 22.994 -0.115 22.769 0.160 14.601 -19.141 4.348 -5.359 0.010 0.010 0.054 0.054 0.066 0.066 36.152 -44.211 57.110 nan nan nan 0.153 0.582 0.602 -0.072 0.857 0.860 15.552 -18.832 24.423 
80.000 21.853 -0.853 -0.988 -0.156 24.760 -3.943 25.141 -4.397 -23.363 25.957 -6.665 7.791 0.010 0.010 nan nan 0.054 0.054 12.610 -15.038 19.626 0.058 0.058 0.081 2.907 -3.090 4.242 3.288 -3.544 4.835 -22.375 26.113 34.388 
81.000 20.853 -0.853 -1.000 0.000 19.755 1.569 19.893 1.416 -16.004 18.153 -4.008 4.798 0.010 0.010 0.060 0.060 0.066 0.066 -17.977 19.991 26.885 nan nan nan -1.098 2.422 2.659 -0.960 2.269 2.463 -15.004 18.153 23.551 
82.000 19.853 -0.853 -1.000 0.000 21.078 0.186 20.645 0.675 31.828 -35.503 9.162 -10.080 0.010 0.010 nan nan 0.056 0.056 -17.189 19.382 25.906 0.063 0.063 0.089 1.225 1.039 1.606 0.792 1.528 1.721 32.828 -35.503 48.354 
83.000 18.853 -0.853 -1.000 0.000 20.188 -0.164 19.889 0.157 19.302 -22.297 5.660 -6.295 0.010 0.010 0.066 0.066 0.066 0.066 32.284 -34.665 47.370 nan nan nan 1.335 0.689 1.502 1.036 1.010 1.447 20.302 -22.297 30.155 
84.000 17.853 -0.853 -1.000 0.000 17.900 -2.238 18.355 -2.663 -33.674 26.218 -9.146 7.645 0.010 0.010 nan nan 0.057 0.057 21.291 -19.902 29.144 0.068 0.068 0.097 0.047 -1.385 1.386 0.502 -1.810 1.878 -32.674 26.218 41.892 
85.000 16.853 -0.853 -1.000 0.000 19.082 -1.141 19.462 -1.414 -23.845 20.241 -6.645 5.741 0.010 0.010 0.072 0.072 0.067 0.067 -34.401 24.695 42.347 nan nan nan 2.229 -0.288 2.248 2.609 -0.561 2.668 -22.845 20.241 30.522 
86.000 15.853 -0.853 -1.000 0.000 12.468 -1.637 12.160 -1.263 12.374 -26.072 4.288 -7.303 0.010 0.010 nan nan 0.058 0.058 -16.851 20.464 26.509 0.074 0.074 0.105 -3.385 -0.784 3.475 -3.693 -0.410 3.716 13.374 -26.072 29.302 
87.000 14.853 -0.853 -1.000 0.000 14.101 -1.133 13.965 -0.791 12.323 -22.479 3.778 -6.369 0.010 0.010 0.078 0.078 0.067 0.067 10.433 -26.202 28.203 nan nan nan -0.752 -0.280 0.802 -0.888 0.062 0.890 13.323 -22.479 26.131 
88.000 13.853 -0.853 -1.000 0.000 14.448 -1.825 14.634 -2.162 -11.948 21.956 -3.230 6.276 0.010 0.010 nan nan 0.059 0.059 11.840 -21.445 24.497 0.080 0.080 0.113 0.595 -0.972 1.140 0.781 -1.309 1.524 -10.948 21.956 24.534 
89.000 12.853 -0.853 -1.000 0.000 12.093 -0.565 12.237 -0.877 -12.740 22.955 -3.251 6.393 0.010 0.010 0.085 0.085 0.068 0.068 -9.408 20.359 22.428 nan nan nan -0.760 0.288 0.813 -0.616 -0.024 0.616 -11.740 22.955 25.783 
90.000 11.853 -0.853 -1.000 0.000 12.546 -1.795 12.370 -1.473 12.978 -23.651 3.832 -6.609 0.010 0.010 nan nan 0.060 0.060 -13.049 23.873 27.206 0.086 0.086 0.122 0.693 -0.942 1.169 0.517 -0.620 0.807 13.978 -23.651 27.472 
91.000 10.853 -0.853 -1.000 0.000 11.243 -0.158 10.988 0.293 15.766 -28.412 4.702 -8.168 0.010 0.010 0.092 0.092 0.069 0.069 14.104 -24.965 28.674 nan nan nan 0.390 0.695 0.797 0.135 1.146 1.154 16.766 -28.412 32.990 
92.000 9.853 -0.853 -1.000 0.000 9.514 0.580 9.714 0.247 -15.562 23.400 -4.061 6.455 0.010 0.010 nan nan 0.060 0.060 17.240 -28.699 33.479 0.093 0.093 0.131 -0.339 1.433 1.473 -0.139 1.100 1.109 -14.562 23.400 27.561 
93.000 8.853 -0.853 -1.000 0.000 9.391 -0.133 9.717 -0.641 -21.930 33.454 -5.981 9.439 0.010 0.010 0.100 0.100 0.070 0.070 -15.239 23.780 28.244 nan nan nan 0.538 0.720 0.899 0.864 0.212 0.889 -20.930 33.454 39.462 
94.000 7.853 -0.853 -1.000 0.000 8.459 1.186 8.255 1.499 12.897 -19.540 3.885 -5.683 0.010 0.010 nan nan 0.061 0.061 -20.672 31.627 37.783 0.101 0.101 0.142 0.606 2.039 2.127 0.402 2.352 2.386 13.897 -19.540 23.978 
95.000 6.853 -0.853 -1.000 0.000 8.628 -1.333 8.308 -0.906 22.234 -32.497 6.413 -9.006 0.010 0.010 0.109 0.109 0.071 0.071 12.524 -16.709 20.881 nan nan nan 1.775 -0.480 1.839 1.455 -0.053 1.456 23.234 -32.497 39.948 
96.000 5.853 -0.853 -1.000 0.000 -6.754 -4.563 -6.443 -4.804 -41.058 12.398 -9.840 3.966 0.010 0.010 nan nan 0.061 0.061 37.296 -28.840 47.146 0.109 0.109 0.155 -12.607 -3.710 13.142 -12.296 -3.951 12.915 -40.058 12.398 41.933 
97.000 4.853 -0.853 -1.000 0.000 5.233 -0.260 6.871 -0.504 -93.588 22.723 -26.717 6.230 0.010 0.010 0.120 0.120 0.072 0.072 -52.734 7.854 53.315 nan nan nan 0.380 0.593 0.704 2.018 0.349 2.048 -92.588 22.723 95.335 
98.000 3.853 -0.853 -1.000 0.000 4.550 -1.337 3.919 -1.174 41.429 -12.790 11.658 -3.608 0.010 0.010 nan nan 0.062 0.062 -91.267 23.556 94.258 0.120 0.120 0.170 0.697 -0.484 0.849 0.066 -0.321 0.328 42.429 -12.790 44.315 
99.000 2.853 -0.853 -1.000 0.000 2.739 -2.660 1.088 -2.222 109.871 -31.463 31.226 -8.748 0.010 0.010 0.134 0.134 0.074 0.074 42.609 -11.304 44.083 nan nan nan -0.114 -1.807 1.811 -1.765 -1.369 2.234 110.871 -31.463 115.249 
