0.000 0.000 0.000 0.000 0.000 -1.392 0.204 -1.390 0.204 -0.014 0.002 0.000 0.000 0.999 0.999 3.145 3.145 0.902 0.902 1.392 -0.204 1.407 30.163 30.163 42.657 -1.392 0.204 1.407 -1.390 0.204 1.405 -0.014 0.002 0.014 
1.000 0.000 1.000 0.000 1.000 -1.045 3.279 -1.075 3.021 0.312 2.787 0.024 0.207 0.957 0.957 1.646 1.646 0.779 0.779 -0.359 -3.073 3.094 3.451 3.451 4.881 -1.045 2.279 2.507 -1.075 2.021 2.289 0.312 1.787 1.814 
2.000 0.000 2.000 0.000 1.000 -0.858 2.385 -0.843 2.917 0.270 0.607 0.010 -0.233 0.919 0.919 1.341 1.341 0.630 0.630 0.095 3.423 3.425 2.537 2.537 3.588 -0.858 0.385 0.940 -0.843 0.917 1.246 0.270 -0.393 0.477 
3.000 0.000 3.000 0.000 1.000 -1.099 2.683 -0.995 2.850 -0.069 -0.184 -0.070 -0.337 0.895 0.895 1.194 1.194 0.456 0.456 0.526 0.840 0.991 2.245 2.245 3.175 -1.099 -0.317 1.144 -0.995 -0.150 1.006 -0.069 -1.184 1.186 
4.000 0.000 4.000 0.000 1.000 0.538 4.152 0.186 3.826 0.826 0.375 0.144 -0.110 0.883 0.883 0.994 0.994 0.306 0.306 -1.601 -1.486 2.185 2.134 2.134 3.018 0.538 0.152 0.559 0.186 -0.174 0.255 0.826 -0.625 1.036 
5.000 0.000 5.000 0.000 1.000 -1.065 4.564 -0.542 4.473 -0.079 0.448 -0.066 -0.065 0.865 0.865 0.801 0.801 0.206 0.206 2.078 -0.363 2.109 1.993 1.993 2.819 -1.065 -0.436 1.151 -0.542 -0.527 0.756 -0.079 -0.552 0.558 
6.000 0.000 6.000 0.000 1.000 -1.011 4.570 -0.896 4.673 -0.305 0.239 -0.085 -0.082 0.840 0.840 0.648 0.648 0.147 0.147 0.390 0.351 0.525 1.844 1.844 2.607 -1.011 -1.430 1.751 -0.896 -1.327 1.601 -0.305 -0.761 0.820 
7.000 0.000 7.000 0.000 1.000 -0.157 9.360 -0.511 7.850 -0.042 1.639 -0.028 0.133 0.813 0.813 0.535 0.535 0.113 0.113 -1.044 -4.448 4.569 1.716 1.716 2.427 -0.157 2.360 2.365 -0.511 0.850 0.992 -0.042 0.639 0.641 
8.000 0.000 8.000 0.000 1.000 -1.584 6.504 -1.190 7.646 -0.353 0.952 -0.060 0.018 0.786 0.786 0.454 0.454 0.096 0.096 1.031 2.985 3.158 1.617 1.617 2.286 -1.584 -1.496 2.179 -1.190 -0.354 1.241 -0.353 -0.048 0.356 
9.000 0.000 9.000 0.000 1.000 0.799 8.386 -0.188 8.475 0.130 0.920 0.007 0.011 0.761 0.761 0.398 0.398 0.087 0.087 -2.342 0.212 2.351 1.541 1.541 2.179 0.799 -0.614 1.008 -0.188 -0.525 0.557 0.130 -0.080 0.152 
10.000 0.000 10.000 0.000 1.000 -1.208 9.839 -0.685 9.638 -0.095 1.020 -0.018 0.019 0.739 0.739 0.360 0.360 0.083 0.083 1.150 -0.443 1.233 1.484 1.484 2.098 -1.208 -0.161 1.219 -0.685 -0.362 0.775 -0.095 0.020 0.097 
11.000 0.000 11.000 0.000 1.000 0.785 9.523 0.032 10.069 0.170 0.835 0.013 -0.004 0.720 0.720 0.337 0.337 0.082 0.082 -1.565 1.135 1.933 1.442 1.442 2.039 0.785 -1.477 1.673 0.032 -0.931 0.931 0.170 -0.165 0.237 
12.000 0.000 12.000 0.000 1.000 1.226 12.342 0.712 11.620 0.354 1.071 0.030 0.022 0.706 0.706 0.324 0.324 0.081 0.081 -1.025 -1.438 1.766 1.412 1.412 1.997 1.226 0.342 1.273 0.712 -0.380 0.807 0.354 0.071 0.361 
13.000 0.000 13.000 0.000 1.000 -0.880 13.535 0.124 13.099 0.074 1.227 -0.006 0.034 0.696 0.696 0.317 0.317 0.081 0.081 1.946 -0.844 2.121 1.392 1.392 1.968 -0.880 0.535 1.030 0.124 0.099 0.159 0.074 0.227 0.238 
14.000 0.000 14.000 0.000 1.000 -2.088 14.557 -0.887 14.436 -0.288 1.296 -0.045 0.034 0.689 0.689 0.315 0.315 0.081 0.081 2.286 -0.231 2.298 1.380 1.380 1.951 -2.088 0.557 2.161 -0.887 0.436 0.988 -0.288 0.296 0.413 
15.000 0.000 15.000 0.000 1.000 1.510 15.147 0.085 15.457 0.081 1.241 0.006 0.021 0.685 0.685 0.314 0.314 0.081 0.081 -2.685 0.585 2.748 1.373 1.373 1.941 1.510 0.147 1.517 0.085 0.457 0.465 0.081 0.241 0.254 
16.000 0.000 16.000 0.000 1.000 3.918 18.766 1.918 17.664 0.664 1.580 0.070 0.055 0.683 0.683 0.314 0.314 0.081 0.081 -3.752 -2.068 4.284 1.370 1.370 1.937 3.918 2.766 4.796 1.918 1.664 2.539 0.664 0.580 0.882 
17.000 0.000 17.000 0.000 1.000 -0.812 17.072 1.000 18.231 0.211 1.300 0.004 0.011 0.683 0.683 0.314 0.314 0.081 0.081 3.395 2.172 4.030 1.369 1.369 1.936 -0.812 0.072 0.815 1.000 1.231 1.586 0.211 0.300 0.367 
18.000 0.000 18.000 0.000 1.000 -1.926 16.171 -0.251 17.965 -0.269 0.793 -0.051 -0.048 0.683 0.683 0.314 0.314 0.081 0.081 3.137 3.360 4.597 1.369 1.369 1.935 -1.926 -1.829 2.656 -0.251 -0.035 0.254 -0.269 -0.207 0.339 
19.000 0.000 19.000 0.000 1.000 -0.891 19.736 -0.693 19.213 -0.377 0.895 -0.052 -0.027 0.683 0.683 0.313 0.313 0.081 0.081 0.371 -0.979 1.047 1.369 1.369 1.935 -0.891 0.736 1.156 -0.693 0.213 0.725 -0.377 -0.105 0.391 
20.000 0.000 20.000 0.000 1.000 -0.794 20.753 -0.941 20.409 -0.387 0.968 -0.042 -0.013 0.683 0.683 0.313 0.313 0.081 0.081 -0.276 -0.644 0.701 1.368 1.368 1.935 -0.794 0.753 1.094 -0.941 0.409 1.026 -0.387 -0.032 0.388 
21.000 0.000 21.000 0.000 1.000 1.213 19.185 -0.145 20.356 -0.039 0.618 0.006 -0.050 0.682 0.682 0.312 0.312 0.081 0.081 -2.541 2.192 3.356 1.368 1.368 1.935 1.213 -1.815 2.183 -0.145 -0.644 0.660 -0.039 -0.382 0.384 
22.000 0.156 21.988 0.156 0.988 1.109 21.185 0.418 21.072 0.166 0.601 0.028 -0.041 0.682 0.682 0.312 0.312 0.081 0.081 -1.292 -0.211 1.309 1.368 1.368 1.934 0.953 -0.803 1.246 0.262 -0.916 0.953 0.010 -0.387 0.387 
23.000 0.465 22.939 0.309 0.951 0.306 22.597 0.455 22.103 0.151 0.702 0.020 -0.021 0.682 0.682 0.312 0.312 0.081 0.081 0.278 -0.924 0.965 1.367 1.367 1.934 -0.159 -0.342 0.377 -0.010 -0.836 0.836 -0.158 -0.249 0.295 
24.000 0.919 23.830 0.454 0.891 4.045 18.862 0.636 22.771 0.181 0.670 0.019 -0.020 0.928 0.928 0.375 0.375 0.084 0.084 -3.439 3.943 5.232 1.367 1.367 1.934 3.126 -4.968 5.870 -0.283 -1.059 1.097 -0.273 -0.221 0.351 
25.000 1.507 24.639 0.588 0.809 2.410 27.251 1.790 25.769 0.498 1.362 0.049 0.056 0.782 0.782 0.324 0.324 0.081 0.081 -1.593 -3.811 4.130 1.603 1.603 2.267 0.903 2.612 2.764 0.283 1.130 1.165 -0.090 0.553 0.560 
26.000 2.214 25.346 0.707 0.707 1.367 26.248 1.808 26.670 0.401 1.279 0.028 0.036 0.722 0.722 0.312 0.312 0.081 0.081 0.922 0.882 1.276 1.445 1.445 2.044 -0.847 0.902 1.237 -0.406 1.324 1.385 -0.306 0.572 0.648 
27.000 3.023 25.934 0.809 0.588 2.450 26.607 2.326 27.301 0.466 1.113 0.029 0.010 0.695 0.695 0.312 0.312 0.081 0.081 -0.241 1.342 1.364 1.391 1.391 1.967 -0.573 0.673 0.884 -0.697 1.367 1.534 -0.343 0.525 0.627 
28.000 3.914 26.388 0.891 0.454 2.778 26.450 2.785 27.494 0.493 0.828 0.026 -0.024 0.684 0.684 0.315 0.315 0.081 0.081 0.013 1.964 1.964 1.372 1.372 1.940 -1.136 0.062 1.138 -1.129 1.106 1.580 -0.398 0.374 0.546 
29.000 4.865 26.697 0.951 0.309 5.267 25.785 4.203 27.142 0.823 0.416 0.058 -0.065 0.682 0.682 0.317 0.317 0.081 0.081 -1.989 2.537 3.223 1.367 1.367 1.933 0.402 -0.912 0.997 -0.662 0.445 0.798 -0.128 0.107 0.167 
30.000 5.853 26.853 0.988 0.156 5.777 26.740 5.376 27.178 0.998 0.224 0.065 -0.073 0.682 0.682 0.317 0.317 0.081 0.081 -0.751 0.819 1.111 1.368 1.368 1.934 -0.076 -0.113 0.136 -0.477 0.325 0.577 0.010 0.068 0.069 
31.000 6.853 26.853 1.000 0.000 6.743 24.839 6.546 26.205 1.121 -0.248 0.065 -0.111 0.683 0.683 0.316 0.316 0.081 0.081 -0.369 2.563 2.589 1.369 1.369 1.937 -0.110 -2.014 2.017 -0.307 -0.648 0.717 0.121 -0.248 0.275 
32.000 7.853 26.853 1.000 0.000 11.939 31.791 7.704 26.009 1.199 -0.342 0.060 -0.098 0.933 0.933 0.378 0.378 0.084 0.084 -4.272 -5.833 7.230 1.370 1.370 1.938 4.086 4.938 6.409 -0.149 -0.844 0.857 0.199 -0.342 0.395 
33.000 8.853 26.853 1.000 0.000 7.807 26.836 8.230 26.385 1.052 -0.219 0.033 -0.065 0.784 0.784 0.325 0.325 0.081 0.081 1.095 -1.169 1.602 1.610 1.610 2.276 -1.046 -0.017 1.046 -0.623 -0.468 0.779 0.052 -0.219 0.225 
34.000 9.853 26.853 1.000 0.000 9.671 27.218 9.486 26.716 1.147 -0.117 0.036 -0.041 0.723 0.723 0.313 0.313 0.081 0.081 -0.389 -1.052 1.122 1.448 1.448 2.048 -0.182 0.365 0.408 -0.367 -0.137 0.392 0.147 -0.117 0.188 
35.000 10.853 26.853 1.000 0.000 10.397 27.954 10.518 27.255 1.147 0.046 0.029 -0.015 0.696 0.696 0.312 0.312 0.081 0.081 0.235 -1.355 1.375 1.392 1.392 1.969 -0.456 1.101 1.192 -0.335 0.402 0.523 0.147 0.046 0.154 
36.000 11.853 26.853 1.000 0.000 12.352 27.417 11.988 27.355 1.279 0.048 0.037 -0.011 0.685 0.685 0.315 0.315 0.081 0.081 -0.686 -0.117 0.696 1.372 1.372 1.940 0.499 0.564 0.753 0.135 0.502 0.520 0.279 0.048 0.283 
37.000 12.853 26.853 1.000 0.000 12.589 28.074 12.952 27.715 1.213 0.139 0.022 0.001 0.682 0.682 0.317 0.317 0.081 0.081 0.678 -0.671 0.953 1.367 1.367 1.933 -0.264 1.221 1.249 0.099 0.862 0.868 0.213 0.139 0.254 
38.000 13.853 26.853 1.000 0.000 14.310 27.960 14.232 27.904 1.257 0.157 0.022 0.003 0.682 0.682 0.317 0.317 0.081 0.081 -0.145 -0.106 0.180 1.368 1.368 1.934 0.457 1.107 1.198 0.379 1.051 1.117 0.257 0.157 0.301 
39.000 14.853 26.853 1.000 0.000 12.387 24.827 14.041 26.551 0.797 -0.343 -0.035 -0.054 0.683 0.683 0.316 0.316 0.081 0.081 3.102 3.234 4.481 1.369 1.369 1.937 -2.466 -2.026 3.192 -0.812 -0.302 0.866 -0.203 -0.343 0.399 
40.000 15.853 26.853 1.000 0.000 16.360 16.867 14.851 26.127 0.767 -0.424 -0.031 -0.052 0.933 0.933 0.378 0.378 0.084 0.084 -1.522 9.341 9.464 1.370 1.370 1.938 0.507 -9.986 9.999 -1.002 -0.726 1.237 -0.233 -0.424 0.484 
41.000 16.853 26.853 1.000 0.000 18.567 27.281 17.429 26.672 1.292 -0.178 0.030 -0.016 0.784 0.784 0.325 0.325 0.081 0.081 -2.949 -1.578 3.345 1.610 1.610 2.277 1.714 0.428 1.767 0.576 -0.181 0.604 0.292 -0.178 0.342 
42.000 17.853 26.853 1.000 0.000 17.204 27.692 17.927 27.121 1.081 -0.003 0.002 0.006 0.723 0.723 0.313 0.313 0.081 0.081 1.517 -1.198 1.933 1.448 1.448 2.048 -0.649 0.839 1.061 0.074 0.268 0.278 0.081 -0.003 0.081 
43.000 18.853 26.853 1.000 0.000 17.924 26.501 18.484 26.819 0.920 -0.090 -0.016 -0.005 0.696 0.696 0.312 0.312 0.081 0.081 1.085 0.616 1.248 1.392 1.392 1.969 -0.929 -0.352 0.993 -0.369 -0.034 0.371 -0.080 -0.090 0.121 
44.000 19.853 26.853 1.000 0.000 20.773 27.993 20.046 27.321 1.110 0.095 0.009 0.017 0.685 0.685 0.315 0.315 0.081 0.081 -1.369 -1.265 1.864 1.372 1.372 1.941 0.920 1.140 1.465 0.193 0.468 0.506 0.110 0.095 0.145 
45.000 20.853 26.853 1.000 0.000 18.797 26.605 20.059 27.039 0.758 -0.012 -0.033 0.001 0.682 0.682 0.317 0.317 0.081 0.081 2.359 0.812 2.494 1.367 1.367 1.933 -2.056 -0.248 2.071 -0.794 0.186 0.816 -0.242 -0.012 0.242 
46.000 21.853 26.853 1.000 0.000 22.267 28.117 21.492 27.535 0.950 0.158 -0.004 0.020 0.682 0.682 0.317 0.317 0.081 0.081 -1.450 -1.090 1.814 1.368 1.368 1.934 0.414 1.264 1.330 -0.361 0.682 0.771 -0.050 0.158 0.166 
47.000 22.841 26.697 0.988 -0.156 24.035 26.047 23.185 26.924 1.193 -0.078 0.024 -0.011 0.683 0.683 0.316 0.316 0.081 0.081 -1.593 1.646 2.291 1.369 1.369 1.937 1.194 -0.650 1.359 0.344 0.227 0.413 0.205 0.078 0.219 
48.000 23.792 26.388 0.951 -0.309 22.755 28.338 23.620 27.544 0.965 0.143 -0.007 0.016 0.684 0.684 0.314 0.314 0.081 0.081 1.623 -1.491 2.204 1.370 1.370 1.938 -1.037 1.950 2.209 -0.172 1.156 1.168 0.014 0.452 0.452 
49.000 24.683 25.934 0.891 -0.454 24.544 26.502 24.566 27.133 0.952 -0.024 -0.007 -0.006 0.684 0.684 0.313 0.313 0.081 0.081 0.041 1.185 1.186 1.370 1.370 1.937 -0.139 0.568 0.585 -0.117 1.199 1.205 0.061 0.430 0.435 
50.000 25.492 25.346 0.809 -0.588 24.378 24.798 24.986 26.031 0.770 -0.386 -0.026 -0.045 0.683 0.683 0.312 0.312 0.081 0.081 1.140 2.312 2.577 1.369 1.369 1.936 -1.114 -0.548 1.241 -0.506 0.685 0.852 -0.039 0.202 0.206 
51.000 26.199 24.639 0.707 -0.707 26.380 24.602 26.046 25.160 0.840 -0.591 -0.012 -0.059 0.682 0.682 0.312 0.312 0.081 0.081 -0.624 1.044 1.216 1.368 1.368 1.935 0.181 -0.037 0.185 -0.153 0.521 0.542 0.133 0.116 0.176 
52.000 26.787 23.830 0.588 -0.809 25.328 24.087 26.161 24.344 0.588 -0.724 -0.038 -0.061 0.682 0.682 0.312 0.312 0.081 0.081 1.558 0.481 1.631 1.367 1.367 1.934 -1.459 0.257 1.481 -0.626 0.514 0.810 0.000 0.085 0.085 
53.000 27.241 22.939 0.454 -0.891 26.748 22.217 26.749 22.968 0.550 -1.000 -0.034 -0.080 0.682 0.682 0.312 0.312 0.081 0.081 0.002 1.404 1.404 1.367 1.367 1.933 -0.493 -0.722 0.874 -0.492 0.029 0.493 0.096 -0.109 0.145 
54.000 27.550 21.988 0.309 -0.951 28.671 21.890 27.937 21.932 0.726 -1.092 -0.007 -0.073 0.682 0.682 0.312 0.312 0.081 0.081 -1.372 0.078 1.374 1.367 1.367 1.933 1.121 -0.098 1.125 0.387 -0.056 0.391 0.417 -0.141 0.440 
55.000 27.706 21.000 0.156 -0.988 27.413 20.288 28.082 20.583 0.527 -1.249 -0.028 -0.075 0.682 0.682 0.312 0.312 0.081 0.081 1.250 0.552 1.366 1.367 1.367 1.933 -0.293 -0.712 0.770 0.376 -0.417 0.561 0.371 -0.261 0.454 
56.000 27.706 20.000 0.000 -1.000 15.755 13.500 28.498 19.284 0.462 -1.341 -0.029 -0.070 0.928 0.928 0.375 0.375 0.084 0.084 12.854 5.834 14.116 1.367 1.367 1.933 -11.951 -6.500 13.604 0.792 -0.716 1.068 0.462 -0.341 0.575 
57.000 27.706 19.000 0.000 -1.000 28.032 19.897 28.393 19.136 0.259 -1.046 -0.045 -0.024 0.782 0.782 0.324 0.324 0.081 0.081 0.929 -1.954 2.164 1.603 1.603 2.267 0.326 0.897 0.954 0.687 0.136 0.701 0.259 -0.046 0.263 
58.000 27.706 18.000 0.000 -1.000 27.323 17.636 27.959 17.854 0.004 -1.142 -0.062 -0.030 0.722 0.722 0.312 0.312 0.081 0.081 1.330 0.455 1.405 1.446 1.446 2.044 -0.383 -0.364 0.528 0.253 -0.146 0.293 0.004 -0.142 0.142 
59.000 27.706 17.000 0.000 -1.000 28.642 18.093 28.292 17.379 0.044 -0.964 -0.045 -0.004 0.695 0.695 0.312 0.312 0.081 0.081 -0.678 -1.381 1.539 1.391 1.391 1.967 0.936 1.093 1.439 0.586 0.379 0.698 0.044 0.036 0.057 
60.000 27.706 16.000 0.000 -1.000 27.236 13.214 27.820 14.915 -0.167 -1.450 -0.059 -0.058 0.685 0.685 0.315 0.315 0.081 0.081 1.100 3.202 3.385 1.372 1.372 1.940 -0.470 -2.786 2.825 0.114 -1.085 1.091 -0.167 -0.450 0.480 
61.000 27.706 15.000 0.000 -1.000 29.309 16.462 28.423 14.859 0.027 -1.049 -0.025 0.000 0.682 0.682 0.317 0.317 0.081 0.081 -1.655 -2.996 3.423 1.367 1.367 1.933 1.603 1.462 2.170 0.717 -0.141 0.731 0.027 -0.049 0.056 
62.000 27.706 14.000 0.000 -1.000 27.315 12.685 27.922 13.286 -0.173 -1.223 -0.042 -0.020 0.682 0.682 0.317 0.317 0.081 0.081 1.136 1.125 1.598 1.368 1.368 1.934 -0.391 -1.315 1.372 0.216 -0.714 0.746 -0.173 -0.223 0.282 
63.000 27.706 13.000 0.000 -1.000 28.197 13.649 27.958 12.803 -0.145 -0.996 -0.030 0.010 0.683 0.683 0.316 0.316 0.081 0.081 -0.448 -1.586 1.648 1.369 1.369 1.937 0.491 0.649 0.814 0.252 -0.197 0.320 -0.145 0.004 0.145 
64.000 27.706 12.000 0.000 -1.000 30.799 18.608 27.839 11.866 -0.167 -0.966 -0.026 0.011 0.933 0.933 0.378 0.378 0.084 0.084 -2.986 -6.801 7.428 1.370 1.370 1.938 3.093 6.608 7.296 0.133 -0.134 0.189 -0.167 0.034 0.170 
65.000 27.706 11.000 0.000 -1.000 28.777 11.139 28.351 11.047 0.016 -0.910 -0.002 0.015 0.784 0.784 0.325 0.325 0.081 0.081 -1.105 -0.239 1.130 1.610 1.610 2.276 1.071 0.139 1.080 0.645 0.047 0.646 0.016 0.090 0.091 
66.000 27.706 10.000 0.000 -1.000 28.580 8.976 28.478 9.530 0.048 -1.079 0.002 -0.006 0.723 0.723 0.313 0.313 0.081 0.081 -0.214 1.161 1.180 1.448 1.448 2.048 0.874 -1.024 1.346 0.772 -0.470 0.904 0.048 -0.079 0.093 
67.000 27.706 9.000 0.000 -1.000 29.650 8.525 29.070 8.486 0.219 -1.074 0.020 -0.004 0.696 0.696 0.312 0.312 0.081 0.081 -1.124 -0.075 1.126 1.392 1.392 1.969 1.944 -0.475 2.001 1.364 -0.514 1.458 0.219 -0.074 0.231 
68.000 27.706 8.000 0.000 -1.000 24.750 8.668 27.161 8.001 -0.444 -0.889 -0.058 0.017 0.685 0.685 0.315 0.315 0.081 0.081 4.539 -1.256 4.710 1.372 1.372 1.940 -2.956 0.668 3.031 -0.545 0.001 0.545 -0.444 0.111 0.457 
69.000 27.706 7.000 0.000 -1.000 26.251 7.666 26.500 7.370 -0.573 -0.787 -0.061 0.025 0.682 0.682 0.317 0.317 0.081 0.081 0.466 -0.554 0.724 1.367 1.367 1.933 -1.455 0.666 1.600 -1.206 0.370 1.261 -0.573 0.213 0.612 
70.000 27.706 6.000 0.000 -1.000 27.522 5.152 26.670 5.917 -0.387 -0.983 -0.026 -0.002 0.682 0.682 0.317 0.317 0.081 0.081 -1.595 1.431 2.143 1.368 1.368 1.934 -0.184 -0.848 0.868 -1.036 -0.083 1.040 -0.387 0.017 0.387 
71.000 27.706 5.000 0.000 -1.000 28.622 5.652 27.375 5.269 -0.050 -0.874 0.017 0.011 0.683 0.683 0.316 0.316 0.081 0.081 -2.339 -0.719 2.447 1.369 1.369 1.937 0.916 0.652 1.124 -0.331 0.269 0.427 -0.050 0.126 0.136 
72.000 27.550 4.012 -0.156 -0.988 23.765 1.491 25.661 3.038 -0.585 -1.314 -0.047 -0.041 0.684 0.684 0.314 0.314 0.081 0.081 3.560 2.904 4.594 1.370 1.370 1.938 -3.785 -2.521 4.548 -1.889 -0.974 2.125 -0.429 -0.326 0.539 
73.000 27.241 3.061 -0.309 -0.951 28.273 2.867 26.569 2.258 -0.137 -1.179 0.014 -0.017 0.684 0.684 0.313 0.313 0.081 0.081 -3.197 -1.144 3.396 1.370 1.370 1.937 1.032 -0.194 1.050 -0.672 -0.803 1.047 0.172 -0.228 0.285 
74.000 26.787 2.170 -0.454 -0.891 27.491 1.341 26.926 1.201 0.039 -1.156 0.031 -0.011 0.683 0.683 0.312 0.312 0.081 0.081 -1.059 -0.262 1.091 1.369 1.369 1.936 0.704 -0.829 1.088 0.139 -0.969 0.979 0.493 -0.265 0.560 
75.000 26.199 1.361 -0.588 -0.809 25.366 0.865 26.220 0.427 -0.176 -1.041 -0.000 0.004 0.682 0.682 0.312 0.312 0.081 0.081 1.599 -0.820 1.797 1.368 1.368 1.935 -0.833 -0.496 0.969 0.021 -0.934 0.934 0.412 -0.232 0.473 
76.000 25.492 0.654 -0.707 -0.707 24.986 0.696 25.552 -0.004 -0.338 -0.836 -0.019 0.027 0.682 0.682 0.312 0.312 0.081 0.081 1.059 -1.310 1.684 1.367 1.367 1.934 -0.506 0.042 0.508 0.060 -0.658 0.661 0.369 -0.129 0.391 
77.000 24.683 0.066 -0.809 -0.588 25.717 -1.467 25.448 -1.132 -0.280 -0.905 -0.008 0.013 0.682 0.682 0.312 0.312 0.081 0.081 -0.503 0.627 0.804 1.367 1.367 1.933 1.034 -1.533 1.849 0.765 -1.198 1.421 0.529 -0.317 0.617 
78.000 23.792 -0.388 -0.891 -0.454 23.725 0.219 24.497 -0.988 -0.509 -0.546 -0.032 0.051 0.682 0.682 0.312 0.312 0.081 0.081 1.443 -2.256 2.678 1.367 1.367 1.933 -0.067 0.607 0.611 0.705 -0.600 0.926 0.382 -0.092 0.393 
79.000 22.841 -0.697 -0.951 -0.309 22.994 -0.115 23.526 -0.875 -0.694 -0.278 -0.046 0.071 0.682 0.682 0.312 0.312 0.081 0.081 0.995 -1.420 1.733 1.367 1.367 1.933 0.153 0.582 0.602 0.685 -0.178 0.708 0.257 0.031 0.259 
80.000 21.853 -0.853 -0.988 -0.156 24.760 -3.943 23.729 -2.450 -0.444 -0.635 -0.008 0.015 0.682 0.682 0.312 0.312 0.081 0.081 -1.927 2.790 3.391 1.367 1.367 1.933 2.907 -3.090 4.242 1.876 -1.597 2.463 0.544 -0.479 0.725 
81.000 20.853 -0.853 -1.000 0.000 19.755 1.569 23.254 -3.045 -0.462 -0.607 -0.008 0.015 0.928 0.928 0.375 0.375 0.084 0.084 3.529 -4.654 5.841 1.367 1.367 1.933 -1.098 2.422 2.659 2.401 -2.192 3.251 0.538 -0.607 0.811 
82.000 19.853 -0.853 -1.000 0.000 21.078 0.186 21.745 -1.307 -0.791 0.125 -0.041 0.089 0.782 0.782 0.324 0.324 0.081 0.081 1.714 -3.838 4.203 1.603 1.603 2.267 1.225 1.039 1.606 1.892 -0.454 1.946 0.209 0.125 0.244 
83.000 18.853 -0.853 -1.000 0.000 20.188 -0.164 20.554 -0.651 -0.953 0.375 -0.050 0.097 0.722 0.722 0.312 0.312 0.081 0.081 0.766 -1.018 1.274 1.446 1.446 2.044 1.335 0.689 1.502 1.701 0.202 1.713 0.047 0.375 0.378 
84.000 17.853 -0.853 -1.000 0.000 17.900 -2.238 18.779 -1.224 -1.259 0.176 -0.073 0.055 0.695 0.695 0.312 0.312 0.081 0.081 1.701 1.961 2.596 1.391 1.391 1.967 0.047 -1.385 1.386 0.926 -0.371 0.998 -0.259 0.176 0.313 
85.000 16.853 -0.853 -1.000 0.000 19.082 -1.141 18.252 -1.092 -1.097 0.217 -0.039 0.048 0.684 0.684 0.315 0.315 0.081 0.081 -1.562 0.093 1.565 1.372 1.372 1.940 2.229 -0.288 2.248 1.399 -0.239 1.419 -0.097 0.217 0.238 
86.000 15.853 -0.853 -1.000 0.000 12.468 -1.637 14.976 -1.229 -1.852 0.148 -0.116 0.030 0.682 0.682 0.317 0.317 0.081 0.081 4.687 0.763 4.749 1.367 1.367 1.933 -3.385 -0.784 3.475 -0.877 -0.376 0.954 -0.852 0.148 0.865 
87.000 14.853 -0.853 -1.000 0.000 14.101 -1.133 13.579 -1.105 -1.817 0.170 -0.088 0.026 0.682 0.682 0.317 0.317 0.081 0.081 -0.977 0.052 0.979 1.368 1.368 1.934 -0.752 -0.280 0.802 -1.274 -0.252 1.299 -0.817 0.170 0.835 
88.000 13.853 -0.853 -1.000 0.000 14.448 -1.825 13.015 -1.350 -1.487 0.057 -0.032 0.008 0.683 0.683 0.316 0.316 0.081 0.081 -2.687 0.890 2.830 1.369 1.369 1.937 0.595 -0.972 1.140 -0.838 -0.497 0.974 -0.487 0.057 0.491 
89.000 12.853 -0.853 -1.000 0.000 12.093 -0.565 11.792 -0.953 -1.431 0.178 -0.019 0.020 0.684 0.684 0.314 0.314 0.081 0.081 -0.565 -0.728 0.922 1.370 1.370 1.938 -0.760 0.288 0.813 -1.061 -0.100 1.066 -0.431 0.178 0.467 
90.000 11.853 -0.853 -1.000 0.000 12.546 -1.795 11.382 -1.251 -1.112 0.040 0.021 -0.000 0.683 0.683 0.313 0.313 0.081 0.081 -2.185 1.020 2.412 1.370 1.370 1.937 0.693 -0.942 1.169 -0.471 -0.398 0.617 -0.112 0.040 0.119 
91.000 10.853 -0.853 -1.000 0.000 11.243 -0.158 10.724 -0.720 -0.941 0.202 0.036 0.018 0.683 0.683 0.312 0.312 0.081 0.081 -0.973 -1.053 1.434 1.369 1.369 1.936 0.390 0.695 0.797 -0.129 0.133 0.185 0.059 0.202 0.210 
92.000 9.853 -0.853 -1.000 0.000 9.514 0.580 9.658 -0.007 -0.946 0.389 0.028 0.035 0.682 0.682 0.312 0.312 0.081 0.081 0.269 -1.098 1.131 1.368 1.368 1.935 -0.339 1.433 1.473 -0.195 0.846 0.869 0.054 0.389 0.392 
93.000 8.853 -0.853 -1.000 0.000 9.391 -0.133 9.028 0.142 -0.814 0.345 0.037 0.023 0.682 0.682 0.312 0.312 0.081 0.081 -0.680 0.515 0.853 1.367 1.367 1.934 0.538 0.720 0.899 0.175 0.995 1.011 0.186 0.345 0.392 
94.000 7.853 -0.853 -1.000 0.000 8.459 1.186 8.328 0.812 -0.740 0.475 0.037 0.033 0.682 0.682 0.312 0.312 0.081 0.081 -0.246 -0.698 0.740 1.367 1.367 1.933 0.606 2.039 2.127 0.475 1.665 1.732 0.260 0.475 0.542 
95.000 6.853 -0.853 -1.000 0.000 8.628 -1.333 8.071 0.069 -0.543 0.106 0.052 -0.016 0.682 0.682 0.312 0.312 0.081 0.081 -1.040 2.620 2.819 1.367 1.367 1.933 1.775 -0.480 1.839 1.218 0.922 1.528 0.457 0.106 0.469 
96.000 5.853 -0.853 -1.000 0.000 -6.754 -4.563 7.405 0.135 -0.532 0.077 0.042 -0.016 0.928 0.928 0.375 0.375 0.084 0.084 14.282 4.738 15.048 1.367 1.367 1.933 -12.607 -3.710 13.142 1.552 0.988 1.840 0.468 0.077 0.474 
97.000 4.853 -0.853 -1.000 0.000 5.233 -0.260 5.871 -0.077 -0.797 -0.027 0.006 -0.024 0.782 0.782 0.324 0.324 0.081 0.081 1.640 0.471 1.707 1.603 1.603 2.267 0.380 0.593 0.704 1.018 0.776 1.281 0.203 -0.027 0.205 
98.000 3.853 -0.853 -1.000 0.000 4.550 -1.337 4.801 -0.747 -0.874 -0.246 -0.004 -0.042 0.722 0.722 0.312 0.312 0.081 0.081 0.525 1.233 1.340 1.446 1.446 2.044 0.697 -0.484 0.849 0.948 0.106 0.954 0.126 -0.246 0.277 
99.000 2.853 -0.853 -1.000 0.000 2.739 -2.660 3.353 -1.799 -1.056 -0.539 -0.023 -0.065 0.695 0.695 0.312 0.312 0.081 0.081 1.188 1.667 2.047 1.391 1.391 1.967 -0.114 -1.807 1.811 0.500 -0.946 1.070 -0.056 -0.539 0.542 
