0.000 0.000 0.000 0.000 0.000 -1.392 0.204 -1.390 0.204 -0.014 0.002 0.000 0.000 0.999 0.999 3.147 3.147 0.995 0.995 1.392 -0.204 1.407 30.163 30.163 42.657 -1.392 0.204 1.407 -1.390 0.204 1.405 -0.014 0.002 0.014 
1.000 0.000 1.000 0.000 1.000 -1.045 3.279 -1.075 3.021 0.315 2.814 0.027 0.230 0.957 0.957 1.704 1.704 0.957 0.957 -0.359 -3.073 3.094 3.453 3.453 4.883 -1.045 2.279 2.507 -1.075 2.021 2.289 0.315 1.814 1.841 
2.000 0.000 2.000 0.000 1.000 -0.858 2.385 -0.843 2.904 0.269 0.468 0.009 -0.326 0.922 0.922 1.502 1.502 0.873 0.873 0.098 3.450 3.451 2.579 2.579 3.647 -0.858 0.385 0.940 -0.843 0.904 1.236 0.269 -0.532 0.596 
3.000 0.000 3.000 0.000 1.000 -1.099 2.683 -1.005 2.806 -0.123 -0.385 -0.099 -0.435 0.906 0.906 1.411 1.411 0.751 0.751 0.524 0.688 0.865 2.366 2.366 3.346 -1.099 -0.317 1.144 -1.005 -0.194 1.024 -0.123 -1.385 1.391 
4.000 0.000 4.000 0.000 1.000 0.538 4.152 0.226 3.828 0.989 0.439 0.226 -0.064 0.902 0.902 1.256 1.256 0.668 0.668 -1.666 -1.731 2.403 2.311 2.311 3.269 0.538 0.152 0.559 0.226 -0.172 0.284 0.989 -0.561 1.137 
5.000 0.000 5.000 0.000 1.000 -1.065 4.564 -0.594 4.503 -0.290 0.571 -0.173 -0.009 0.891 0.891 1.149 1.149 0.640 0.640 2.280 -0.297 2.299 2.201 2.201 3.113 -1.065 -0.436 1.151 -0.594 -0.497 0.775 -0.290 -0.429 0.518 
6.000 0.000 6.000 0.000 1.000 -1.011 4.570 -0.983 4.684 -0.542 0.250 -0.175 -0.086 0.880 0.880 1.112 1.112 0.636 0.636 0.126 0.504 0.519 2.106 2.106 2.978 -1.011 -1.430 1.751 -0.983 -1.316 1.643 -0.542 -0.750 0.926 
7.000 0.000 7.000 0.000 1.000 -0.157 9.360 -0.479 8.319 0.119 2.870 0.056 0.614 0.875 0.875 1.106 1.106 0.635 0.635 -1.367 -4.427 4.633 2.062 2.062 2.916 -0.157 2.360 2.365 -0.479 1.319 1.403 0.119 1.870 1.874 
8.000 0.000 8.000 0.000 1.000 -1.584 6.504 -1.293 7.616 -0.575 0.616 -0.143 -0.186 0.873 0.873 1.106 1.106 0.634 0.634 1.224 4.685 4.842 2.052 2.052 2.902 -1.584 -1.496 2.179 -1.293 -0.384 1.349 -0.575 -0.384 0.692 
9.000 0.000 9.000 0.000 1.000 0.799 8.386 0.165 8.349 0.915 0.524 0.292 -0.143 0.873 0.873 1.103 1.103 0.633 0.633 -2.667 -0.154 2.672 2.052 2.052 2.901 0.799 -0.614 1.008 0.165 -0.651 0.671 0.915 -0.476 1.032 
10.000 0.000 10.000 0.000 1.000 -1.208 9.839 -0.664 9.609 -0.191 0.971 -0.097 0.023 0.873 0.873 1.101 1.101 0.633 0.633 2.288 -0.965 2.484 2.050 2.050 2.900 -1.208 -0.161 1.219 -0.664 -0.391 0.770 -0.191 -0.029 0.194 
11.000 0.000 11.000 0.000 1.000 0.785 9.523 0.394 9.775 0.713 0.349 0.170 -0.145 0.873 0.873 1.101 1.101 0.633 0.633 -1.640 1.057 1.951 2.049 2.049 2.897 0.785 -1.477 1.673 0.394 -1.225 1.287 0.713 -0.651 0.965 
12.000 0.000 12.000 0.000 1.000 1.226 12.342 1.198 11.813 0.956 1.557 0.172 0.218 0.873 0.873 1.101 1.101 0.633 0.633 -0.119 -2.218 2.222 2.048 2.048 2.896 1.226 0.342 1.273 1.198 -0.187 1.212 0.956 0.557 1.106 
13.000 0.000 13.000 0.000 1.000 -0.880 13.535 -0.157 13.496 -0.724 1.876 -0.323 0.222 0.873 0.873 1.101 1.101 0.633 0.633 3.033 -0.164 3.038 2.048 2.048 2.896 -0.880 0.535 1.030 -0.157 0.496 0.520 -0.724 0.876 1.136 
14.000 0.000 14.000 0.000 1.000 -2.088 14.557 -1.800 14.751 -1.784 1.601 -0.480 0.072 0.873 0.873 1.100 1.100 0.633 0.633 1.207 0.815 1.457 2.048 2.048 2.896 -2.088 0.557 2.161 -1.800 0.751 1.951 -1.784 0.601 1.882 
15.000 0.000 15.000 0.000 1.000 1.510 15.147 0.295 15.434 0.845 0.937 0.369 -0.125 0.873 0.873 1.100 1.100 0.633 0.633 -5.094 1.205 5.234 2.048 2.048 2.896 1.510 0.147 1.517 0.295 0.434 0.525 0.845 -0.063 0.848 
16.000 0.000 16.000 0.000 1.000 3.918 18.766 3.256 18.195 2.910 2.274 0.770 0.264 0.873 0.873 1.100 1.100 0.633 0.633 -2.777 -2.395 3.667 2.048 2.048 2.896 3.918 2.766 4.796 3.256 2.195 3.927 2.910 1.274 3.177 
17.000 0.000 17.000 0.000 1.000 -0.812 17.072 5.950 20.363 3.507 2.454 0.648 0.216 1.759 1.759 1.646 1.646 0.707 0.707 6.978 3.397 7.761 2.048 2.048 2.896 -0.812 0.072 0.815 5.950 3.363 6.835 3.507 1.454 3.796 
18.000 0.000 18.000 0.000 1.000 -1.926 16.171 8.350 22.171 3.456 2.262 0.435 0.108 3.118 3.118 2.174 2.174 0.753 0.753 11.383 6.646 13.181 3.430 3.430 4.851 -1.926 -1.829 2.656 8.350 4.171 9.334 3.456 1.262 3.679 
19.000 0.000 19.000 0.000 1.000 -0.891 19.736 -0.433 19.905 -2.292 0.083 -0.693 -0.304 0.982 0.982 1.177 1.177 0.661 0.661 12.698 4.697 13.539 5.265 5.265 7.446 -0.891 0.736 1.156 -0.433 0.905 1.004 -2.292 -0.917 2.469 
20.000 0.000 20.000 0.000 1.000 -0.794 20.753 -1.241 20.576 -1.817 0.242 -0.327 -0.156 0.877 0.877 1.247 1.247 0.657 0.657 -1.931 -0.765 2.077 2.079 2.079 2.941 -0.794 0.753 1.094 -1.241 0.576 1.368 -1.817 -0.758 1.968 
21.000 0.000 21.000 0.000 1.000 1.213 19.185 0.271 19.545 0.680 -0.994 0.411 -0.410 0.883 0.883 1.172 1.172 0.637 0.637 -4.270 1.633 4.572 2.129 2.129 3.011 1.213 -1.815 2.183 0.271 -1.455 1.480 0.680 -1.994 2.106 
22.000 0.156 21.988 0.156 0.988 1.109 21.185 1.074 20.596 1.190 0.249 0.395 0.039 0.881 0.881 1.111 1.111 0.634 0.634 -0.158 -2.634 2.638 2.115 2.115 2.991 0.953 -0.803 1.246 0.918 -1.392 1.667 1.034 -0.739 1.271 
23.000 0.465 22.939 0.309 0.951 0.306 22.597 0.765 22.186 0.393 1.354 0.054 0.304 0.875 0.875 1.102 1.102 0.636 0.636 1.958 -1.751 2.627 2.066 2.066 2.921 -0.159 -0.342 0.377 0.300 -0.753 0.810 0.084 0.403 0.411 
24.000 0.919 23.830 0.454 0.891 4.045 18.862 3.357 19.976 2.209 -1.197 0.502 -0.461 0.873 0.873 1.107 1.107 0.636 0.636 -2.887 4.678 5.497 2.049 2.049 2.898 3.126 -4.968 5.870 2.438 -3.854 4.560 1.755 -2.088 2.727 
25.000 1.507 24.639 0.588 0.809 2.410 27.251 5.468 19.043 2.632 -1.447 0.432 -0.361 1.763 1.763 1.655 1.655 0.709 0.709 3.156 -8.472 9.040 2.051 2.051 2.901 0.903 2.612 2.764 3.961 -5.596 6.856 2.044 -2.256 3.044 
26.000 2.214 25.346 0.707 0.707 1.367 26.248 1.935 25.518 -0.836 3.203 -0.438 0.738 0.957 0.957 1.105 1.105 0.639 0.639 6.733 -8.652 10.963 3.442 3.442 4.867 -0.847 0.902 1.237 -0.279 0.172 0.327 -1.543 2.496 2.935 
27.000 3.023 25.934 0.809 0.588 2.450 26.607 2.136 27.099 -0.484 2.705 -0.195 0.351 0.876 0.876 1.157 1.157 0.646 0.646 -1.350 2.114 2.508 2.073 2.073 2.931 -0.573 0.673 0.884 -0.887 1.165 1.465 -1.293 2.117 2.480 
28.000 3.914 26.388 0.891 0.454 2.778 26.450 2.515 27.234 0.032 0.939 0.007 -0.227 0.875 0.875 1.143 1.143 0.637 0.637 -1.127 3.354 3.538 2.068 2.068 2.924 -1.136 0.062 1.138 -1.399 0.846 1.635 -0.859 0.485 0.987 
29.000 4.865 26.697 0.951 0.309 5.267 25.785 4.639 26.336 1.735 -0.777 0.436 -0.581 0.877 0.877 1.110 1.110 0.633 0.633 -2.720 2.389 3.620 2.082 2.082 2.944 0.402 -0.912 0.997 -0.226 -0.361 0.426 0.784 -1.086 1.339 
30.000 5.853 26.853 0.988 0.156 5.777 26.740 5.918 26.462 1.806 -0.637 0.299 -0.339 0.874 0.874 1.101 1.101 0.634 0.634 0.597 -1.180 1.323 2.061 2.061 2.915 -0.076 -0.113 0.136 0.065 -0.391 0.396 0.818 -0.793 1.139 
31.000 6.853 26.853 1.000 0.000 6.743 24.839 6.977 25.074 1.507 -1.577 0.115 -0.460 0.873 0.873 1.102 1.102 0.634 0.634 0.980 0.986 1.391 2.049 2.049 2.897 -0.110 -2.014 2.017 0.124 -1.779 1.783 0.507 -1.577 1.657 
32.000 7.853 26.853 1.000 0.000 11.939 31.791 8.591 23.753 1.709 -1.831 0.126 -0.361 1.760 1.760 1.649 1.649 0.708 0.708 -3.455 -8.294 8.985 2.048 2.048 2.897 4.086 4.938 6.409 0.738 -3.100 3.186 0.709 -1.831 1.964 
33.000 8.853 26.853 1.000 0.000 7.807 26.836 8.018 26.419 0.393 0.650 -0.192 0.278 0.957 0.957 1.105 1.105 0.639 0.639 2.492 -4.914 5.510 3.434 3.434 4.856 -1.046 -0.017 1.046 -0.835 -0.434 0.941 -0.607 0.650 0.889 
34.000 9.853 26.853 1.000 0.000 9.671 27.218 9.378 27.183 0.937 1.015 0.013 0.272 0.876 0.876 1.157 1.157 0.646 0.646 -1.260 -0.149 1.268 2.072 2.072 2.930 -0.182 0.365 0.408 -0.475 0.330 0.579 -0.063 1.015 1.017 
35.000 10.853 26.853 1.000 0.000 10.397 27.954 10.378 28.011 1.003 1.133 0.025 0.206 0.875 0.875 1.143 1.143 0.637 0.637 -0.082 0.245 0.258 2.068 2.068 2.924 -0.456 1.101 1.192 -0.475 1.158 1.252 0.003 1.133 1.133 
36.000 11.853 26.853 1.000 0.000 12.352 27.417 12.128 27.816 1.634 0.262 0.176 -0.087 0.877 0.877 1.110 1.110 0.633 0.633 -0.972 1.728 1.982 2.082 2.082 2.944 0.499 0.564 0.753 0.275 0.963 1.001 0.634 0.262 0.686 
37.000 12.853 26.853 1.000 0.000 12.589 28.074 12.865 28.075 1.094 0.173 -0.024 -0.079 0.874 0.874 1.100 1.100 0.634 0.634 1.172 0.004 1.172 2.061 2.061 2.915 -0.264 1.221 1.249 0.012 1.222 1.222 0.094 0.173 0.196 
38.000 13.853 26.853 1.000 0.000 14.310 27.960 14.226 28.028 1.284 -0.082 0.034 -0.116 0.873 0.873 1.102 1.102 0.634 0.634 -0.351 0.288 0.454 2.049 2.049 2.897 0.457 1.107 1.198 0.373 1.175 1.233 0.284 -0.082 0.295 
39.000 14.853 26.853 1.000 0.000 12.387 24.827 13.131 25.570 -0.592 -2.105 -0.462 -0.597 0.873 0.873 1.103 1.103 0.634 0.634 3.123 3.120 4.414 2.048 2.048 2.897 -2.466 -2.026 3.192 -1.722 -1.283 2.147 -1.592 -2.105 2.639 
40.000 15.853 26.853 1.000 0.000 16.360 16.867 12.658 23.260 -0.959 -2.866 -0.392 -0.579 1.761 1.761 1.649 1.649 0.708 0.708 -3.820 6.598 7.624 2.050 2.050 2.899 0.507 -9.986 9.999 -3.195 -3.593 4.808 -1.959 -2.866 3.472 
41.000 16.853 26.853 1.000 0.000 18.567 27.281 17.985 26.697 2.619 0.535 0.489 0.322 0.957 0.957 1.104 1.104 0.639 0.639 -6.868 -6.887 9.726 3.435 3.435 4.858 1.714 0.428 1.767 1.132 -0.156 1.143 1.619 0.535 1.705 
42.000 17.853 26.853 1.000 0.000 17.204 27.692 17.997 27.585 1.121 1.126 -0.063 0.358 0.876 0.876 1.157 1.157 0.646 0.646 3.400 -0.460 3.431 2.071 2.071 2.929 -0.649 0.839 1.061 0.144 0.732 0.746 0.121 1.126 1.133 
43.000 18.853 26.853 1.000 0.000 17.924 26.501 18.203 27.018 0.304 0.090 -0.250 -0.036 0.875 0.875 1.143 1.143 0.637 0.637 1.194 2.210 2.512 2.067 2.067 2.924 -0.929 -0.352 0.993 -0.650 0.165 0.670 -0.696 0.090 0.701 
44.000 19.853 26.853 1.000 0.000 20.773 27.993 20.250 27.789 1.466 0.606 0.132 0.107 0.877 0.877 1.110 1.110 0.633 0.633 -2.265 -0.885 2.432 2.082 2.082 2.944 0.920 1.140 1.465 0.397 0.936 1.017 0.466 0.606 0.764 
45.000 20.853 26.853 1.000 0.000 18.797 26.605 19.484 27.026 -0.185 -0.380 -0.335 -0.182 0.874 0.874 1.100 1.100 0.634 0.634 2.919 1.790 3.424 2.061 2.061 2.915 -2.056 -0.248 2.071 -1.369 0.173 1.380 -1.185 -0.380 1.245 
46.000 21.853 26.853 1.000 0.000 22.267 28.117 21.560 27.767 1.288 0.335 0.164 0.067 0.873 0.873 1.102 1.102 0.634 0.634 -2.968 -1.470 3.312 2.049 2.049 2.897 0.414 1.264 1.330 -0.293 0.914 0.960 0.288 0.335 0.442 
47.000 22.841 26.697 0.988 -0.156 24.035 26.047 23.752 26.537 2.177 -0.854 0.334 -0.264 0.873 0.873 1.103 1.103 0.634 0.634 -1.187 2.055 2.373 2.048 2.048 2.897 1.194 -0.650 1.359 0.911 -0.160 0.925 1.189 -0.698 1.379 
48.000 23.792 26.388 0.951 -0.309 22.755 28.338 23.511 27.706 0.571 0.506 -0.199 0.181 0.873 0.873 1.102 1.102 0.633 0.633 3.175 -2.655 4.139 2.050 2.050 2.899 -1.037 1.950 2.209 -0.281 1.318 1.348 -0.380 0.815 0.899 
49.000 24.683 25.934 0.891 -0.454 24.544 26.502 24.434 26.909 0.654 -0.357 -0.107 -0.106 0.873 0.873 1.101 1.101 0.633 0.633 -0.462 1.710 1.771 2.049 2.049 2.898 -0.139 0.568 0.585 -0.249 0.975 1.007 -0.237 0.097 0.256 
50.000 25.492 25.346 0.809 -0.588 24.378 24.798 24.547 25.216 0.114 -1.534 -0.208 -0.371 0.873 0.873 1.100 1.100 0.633 0.633 0.710 1.754 1.892 2.048 2.048 2.896 -1.114 -0.548 1.241 -0.945 -0.130 0.954 -0.695 -0.946 1.174 
51.000 26.199 24.639 0.707 -0.707 26.380 24.602 25.970 24.383 0.955 -1.344 0.084 -0.190 0.873 0.873 1.100 1.100 0.633 0.633 -1.719 -0.920 1.949 2.048 2.048 2.896 0.181 -0.037 0.185 -0.229 -0.256 0.344 0.248 -0.637 0.684 
52.000 26.787 23.830 0.588 -0.809 25.328 24.087 25.709 23.837 0.064 -0.894 -0.176 -0.006 0.873 0.873 1.100 1.100 0.633 0.633 1.598 -1.048 1.911 2.048 2.048 2.896 -1.459 0.257 1.481 -1.078 0.007 1.078 -0.524 -0.085 0.531 
53.000 27.241 22.939 0.454 -0.891 26.748 22.217 26.515 22.390 0.483 -1.343 -0.005 -0.119 0.873 0.873 1.100 1.100 0.633 0.633 -0.975 0.727 1.216 2.048 2.048 2.896 -0.493 -0.722 0.874 -0.726 -0.549 0.910 0.029 -0.452 0.453 
54.000 27.550 21.988 0.309 -0.951 28.671 21.890 28.272 21.689 1.499 -0.948 0.259 0.025 0.873 0.873 1.100 1.100 0.633 0.633 -1.673 -0.842 1.873 2.048 2.048 2.896 1.121 -0.098 1.125 0.722 -0.299 0.782 1.190 0.003 1.190 
55.000 27.706 21.000 0.156 -0.988 27.413 20.288 27.975 20.396 0.318 -1.199 -0.138 -0.049 0.873 0.873 1.100 1.100 0.633 0.633 2.358 0.453 2.401 2.048 2.048 2.896 -0.293 -0.712 0.770 0.269 -0.604 0.661 0.162 -0.211 0.266 
56.000 27.706 20.000 0.000 -1.000 15.755 13.500 27.905 19.020 -0.131 -1.389 -0.205 -0.080 1.759 1.759 1.646 1.646 0.707 0.707 12.538 5.697 13.772 2.048 2.048 2.896 -11.951 -6.500 13.604 0.199 -0.980 1.000 -0.131 -0.389 0.411 
57.000 27.706 19.000 0.000 -1.000 28.032 19.897 28.010 19.704 -0.187 -0.161 -0.153 0.205 0.957 0.957 1.104 1.104 0.639 0.639 -0.258 -2.266 2.281 3.430 3.430 4.851 0.326 0.897 0.954 0.304 0.704 0.767 -0.187 0.839 0.860 
58.000 27.706 18.000 0.000 -1.000 27.323 17.636 27.440 18.081 -0.632 -1.070 -0.211 -0.098 0.876 0.876 1.157 1.157 0.646 0.646 0.500 1.908 1.972 2.071 2.071 2.929 -0.383 -0.364 0.528 -0.266 0.081 0.278 -0.632 -0.070 0.636 
59.000 27.706 17.000 0.000 -1.000 28.642 18.093 28.213 17.840 0.314 -0.485 0.107 0.087 0.875 0.875 1.143 1.143 0.637 0.637 -1.834 -1.082 2.130 2.067 2.067 2.924 0.936 1.093 1.439 0.507 0.840 0.981 0.314 0.515 0.603 
60.000 27.706 16.000 0.000 -1.000 27.236 13.214 27.534 14.170 -0.383 -2.978 -0.107 -0.574 0.877 0.877 1.110 1.110 0.633 0.633 1.291 4.141 4.337 2.082 2.082 2.944 -0.470 -2.786 2.825 -0.172 -1.830 1.839 -0.383 -1.978 2.015 
61.000 27.706 15.000 0.000 -1.000 29.309 16.462 28.801 15.221 0.828 -0.333 0.239 0.303 0.874 0.874 1.100 1.100 0.634 0.634 -2.159 -5.271 5.696 2.061 2.061 2.915 1.603 1.462 2.170 1.095 0.221 1.117 0.828 0.667 1.063 
62.000 27.706 14.000 0.000 -1.000 27.315 12.685 27.866 13.210 -0.343 -1.373 -0.148 -0.073 0.873 0.873 1.102 1.102 0.634 0.634 2.313 2.203 3.194 2.049 2.049 2.897 -0.391 -1.315 1.372 0.160 -0.790 0.806 -0.343 -0.373 0.507 
63.000 27.706 13.000 0.000 -1.000 28.197 13.649 28.036 13.217 -0.079 -0.338 -0.026 0.220 0.873 0.873 1.103 1.103 0.634 0.634 -0.674 -1.812 1.933 2.048 2.048 2.897 0.491 0.649 0.814 0.330 0.217 0.395 -0.079 0.662 0.667 
64.000 27.706 12.000 0.000 -1.000 30.799 18.608 30.123 17.244 1.632 3.385 0.424 1.101 0.873 0.873 1.102 1.102 0.633 0.633 -2.841 -5.729 6.395 2.050 2.050 2.899 3.093 6.608 7.296 2.417 5.244 5.774 1.632 4.385 4.679 
65.000 27.706 11.000 0.000 -1.000 28.777 11.139 31.662 20.335 1.982 4.251 0.363 0.931 1.760 1.760 1.647 1.647 0.707 0.707 2.978 9.490 9.947 2.049 2.049 2.898 1.071 0.139 1.080 3.956 9.335 10.139 1.982 5.251 5.613 
66.000 27.706 10.000 0.000 -1.000 28.580 8.976 33.152 23.067 2.034 4.222 0.260 0.634 3.120 3.120 2.175 2.175 0.753 0.753 5.065 15.610 16.411 3.432 3.432 4.854 0.874 -1.024 1.346 5.446 13.067 14.156 2.034 5.222 5.604 
67.000 27.706 9.000 0.000 -1.000 29.650 8.525 34.017 23.329 1.704 2.856 0.131 0.220 4.594 4.594 2.554 2.554 0.771 0.771 5.536 18.764 19.564 5.268 5.268 7.450 1.944 -0.475 2.001 6.311 14.329 15.657 1.704 3.856 4.216 
68.000 27.706 8.000 0.000 -1.000 24.750 8.668 24.970 9.019 -2.692 -4.152 -0.558 -0.882 0.990 0.990 1.316 1.316 0.687 0.687 10.971 17.517 20.669 7.068 7.068 9.995 -2.956 0.668 3.031 -2.736 1.019 2.920 -2.692 -3.152 4.145 
69.000 27.706 7.000 0.000 -1.000 26.251 7.666 25.375 7.049 -0.647 -3.199 0.147 -0.336 0.883 0.883 1.338 1.338 0.664 0.664 -3.973 -2.799 4.860 2.130 2.130 3.012 -1.455 0.666 1.600 -2.331 0.049 2.332 -0.647 -2.199 2.292 
70.000 27.706 6.000 0.000 -1.000 27.522 5.152 26.949 4.885 1.411 -2.644 0.590 -0.089 0.892 0.892 1.186 1.186 0.637 0.637 -2.794 -1.302 3.082 2.209 2.209 3.124 -0.184 -0.848 0.868 -0.757 -1.115 1.347 1.411 -1.644 2.167 
71.000 27.706 5.000 0.000 -1.000 28.622 5.652 28.565 4.906 2.165 -0.597 0.570 0.435 0.884 0.884 1.111 1.111 0.636 0.636 -0.261 -3.411 3.421 2.138 2.138 3.023 0.916 0.652 1.124 0.859 -0.094 0.864 2.165 0.403 2.202 
72.000 27.550 4.012 -0.156 -0.988 23.765 1.491 30.509 4.219 2.561 -0.233 0.469 0.373 1.779 1.779 1.654 1.654 0.710 0.710 6.965 2.818 7.513 2.066 2.066 2.922 -3.785 -2.521 4.548 2.959 0.207 2.967 2.717 0.755 2.819 
73.000 27.241 3.061 -0.309 -0.951 28.273 2.867 28.675 2.961 0.273 -0.503 -0.157 0.201 0.957 0.957 1.116 1.116 0.644 0.644 4.797 1.119 4.926 3.453 3.453 4.883 1.032 -0.194 1.050 1.434 -0.100 1.438 0.582 0.448 0.735 
74.000 26.787 2.170 -0.454 -0.891 27.491 1.341 27.829 1.600 -0.743 -0.961 -0.359 0.014 0.876 0.876 1.167 1.167 0.647 0.647 1.457 1.117 1.836 2.076 2.076 2.936 0.704 -0.829 1.088 1.042 -0.570 1.188 -0.289 -0.070 0.297 
75.000 26.199 1.361 -0.588 -0.809 25.366 0.865 25.765 0.813 -2.194 -0.804 -0.603 0.049 0.876 0.876 1.146 1.146 0.637 0.637 1.720 -0.226 1.735 2.076 2.076 2.936 -0.833 -0.496 0.969 -0.434 -0.548 0.699 -1.606 0.005 1.606 
76.000 25.492 0.654 -0.707 -0.707 24.986 0.696 24.661 0.538 -1.914 -0.326 -0.320 0.152 0.878 0.878 1.110 1.110 0.633 0.633 -1.415 -0.687 1.573 2.086 2.086 2.950 -0.506 0.042 0.508 -0.831 -0.116 0.839 -1.207 0.381 1.266 
77.000 24.683 0.066 -0.809 -0.588 25.717 -1.467 25.018 -1.072 -0.420 -1.199 0.174 -0.124 0.874 0.874 1.101 1.101 0.634 0.634 -2.971 1.679 3.412 2.062 2.062 2.916 1.034 -1.533 1.849 0.335 -1.138 1.186 0.389 -0.611 0.724 
78.000 23.792 -0.388 -0.891 -0.454 23.725 0.219 23.933 -0.374 -0.779 0.195 0.019 0.279 0.873 0.873 1.103 1.103 0.634 0.634 0.873 -2.490 2.639 2.049 2.049 2.897 -0.067 0.607 0.611 0.141 0.014 0.142 0.112 0.649 0.659 
79.000 22.841 -0.697 -0.951 -0.309 22.994 -0.115 23.032 -0.130 -0.857 0.513 -0.008 0.261 0.873 0.873 1.103 1.103 0.634 0.634 0.160 -0.064 0.173 2.049 2.049 2.897 0.153 0.582 0.602 0.191 0.567 0.598 0.094 0.822 0.828 
80.000 21.853 -0.853 -0.988 -0.156 24.760 -3.943 24.145 -2.913 0.716 -1.871 0.401 -0.447 0.873 0.873 1.102 1.102 0.633 0.633 -2.585 4.326 5.040 2.050 2.050 2.899 2.907 -3.090 4.242 2.292 -2.060 3.082 1.704 -1.715 2.417 
81.000 20.853 -0.853 -1.000 0.000 19.755 1.569 24.702 -4.587 0.989 -2.160 0.328 -0.361 1.760 1.760 1.647 1.647 0.707 0.707 5.106 -6.353 8.150 2.049 2.049 2.898 -1.098 2.422 2.659 3.849 -3.734 5.363 1.989 -2.160 2.936 
82.000 19.853 -0.853 -1.000 0.000 21.078 0.186 21.470 -0.402 -1.348 1.484 -0.270 0.524 0.957 0.957 1.104 1.104 0.639 0.639 4.614 -6.933 8.328 3.433 3.433 4.854 1.225 1.039 1.606 1.617 0.451 1.678 -0.348 1.484 1.524 
83.000 18.853 -0.853 -1.000 0.000 20.188 -0.164 20.172 0.126 -1.579 1.280 -0.233 0.287 0.876 0.876 1.157 1.157 0.646 0.646 -0.067 1.246 1.247 2.071 2.071 2.929 1.335 0.689 1.502 1.319 0.979 1.643 -0.579 1.280 1.405 
84.000 17.853 -0.853 -1.000 0.000 17.900 -2.238 18.062 -1.385 -2.250 -0.733 -0.322 -0.332 0.875 0.875 1.143 1.143 0.637 0.637 0.693 3.644 3.710 2.067 2.067 2.924 0.047 -1.385 1.386 0.209 -0.532 0.572 -1.250 -0.733 1.449 
85.000 16.853 -0.853 -1.000 0.000 19.082 -1.141 18.328 -1.367 -0.534 -0.456 0.226 -0.145 0.877 0.877 1.110 1.110 0.633 0.633 -3.270 -0.977 3.413 2.082 2.082 2.944 2.229 -0.288 2.248 1.475 -0.514 1.561 0.466 -0.456 0.652 
86.000 15.853 -0.853 -1.000 0.000 12.468 -1.637 13.722 -1.681 -3.561 -0.488 -0.625 -0.102 0.874 0.874 1.100 1.100 0.634 0.634 5.325 -0.186 5.328 2.061 2.061 2.915 -3.385 -0.784 3.475 -2.131 -0.828 2.286 -2.561 -0.488 2.607 
87.000 14.853 -0.853 -1.000 0.000 14.101 -1.133 13.162 -1.380 -1.785 0.042 0.055 0.071 0.873 0.873 1.102 1.102 0.634 0.634 -3.941 -1.035 4.074 2.049 2.049 2.897 -0.752 -0.280 0.802 -1.691 -0.527 1.771 -0.785 0.042 0.786 
88.000 13.853 -0.853 -1.000 0.000 14.448 -1.825 13.716 -1.709 0.148 -0.185 0.534 -0.013 0.873 0.873 1.103 1.103 0.634 0.634 -3.071 0.487 3.109 2.048 2.048 2.897 0.595 -0.972 1.140 -0.137 -0.856 0.867 1.148 -0.185 1.162 
89.000 12.853 -0.853 -1.000 0.000 12.093 -0.565 12.515 -0.881 -0.401 0.615 0.202 0.198 0.873 0.873 1.102 1.102 0.633 0.633 1.771 -1.329 2.214 2.050 2.050 2.899 -0.760 0.288 0.813 -0.338 -0.028 0.340 0.599 0.615 0.858 
90.000 11.853 -0.853 -1.000 0.000 12.546 -1.795 12.443 -1.431 0.065 -0.121 0.249 -0.062 0.873 0.873 1.101 1.101 0.633 0.633 -0.432 1.528 1.588 2.049 2.049 2.898 0.693 -0.942 1.169 0.590 -0.578 0.826 1.065 -0.121 1.071 
91.000 10.853 -0.853 -1.000 0.000 11.243 -0.158 11.544 -0.490 -0.458 0.667 0.026 0.163 0.873 0.873 1.100 1.100 0.633 0.633 1.265 -1.394 1.882 2.048 2.048 2.896 0.390 0.695 0.797 0.691 0.363 0.781 0.542 0.667 0.860 
92.000 9.853 -0.853 -1.000 0.000 9.514 0.580 9.889 0.484 -1.392 1.076 -0.225 0.210 0.873 0.873 1.100 1.100 0.633 0.633 1.573 -0.403 1.623 2.048 2.048 2.896 -0.339 1.433 1.473 0.036 1.337 1.337 -0.392 1.076 1.146 
93.000 8.853 -0.853 -1.000 0.000 9.391 -0.133 9.178 0.271 -1.071 0.253 -0.061 -0.077 0.873 0.873 1.100 1.100 0.633 0.633 -0.894 1.693 1.915 2.048 2.048 2.896 0.538 0.720 0.899 0.325 1.124 1.170 -0.071 0.253 0.263 
94.000 7.853 -0.853 -1.000 0.000 8.459 1.186 8.375 1.028 -0.917 0.580 0.000 0.035 0.873 0.873 1.100 1.100 0.633 0.633 -0.352 -0.662 0.750 2.048 2.048 2.896 0.606 2.039 2.127 0.522 1.881 1.952 0.083 0.580 0.586 
95.000 6.853 -0.853 -1.000 0.000 8.628 -1.333 8.349 -0.632 -0.203 -1.181 0.184 -0.432 0.873 0.873 1.100 1.100 0.633 0.633 -1.170 2.941 3.165 2.048 2.048 2.896 1.775 -0.480 1.839 1.496 0.221 1.512 0.797 -1.181 1.425 
96.000 5.853 -0.853 -1.000 0.000 -6.754 -4.563 7.685 -1.898 -0.388 -1.681 0.071 -0.406 1.759 1.759 1.646 1.646 0.707 0.707 14.900 2.751 15.152 2.048 2.048 2.896 -12.607 -3.710 13.142 1.832 -1.045 2.109 0.612 -1.681 1.789 
97.000 4.853 -0.853 -1.000 0.000 5.233 -0.260 5.408 -0.542 -1.510 -0.170 -0.189 0.041 0.957 0.957 1.104 1.104 0.639 0.639 2.064 -3.318 3.908 3.430 3.430 4.851 0.380 0.593 0.704 0.555 0.311 0.637 -0.510 -0.170 0.537 
98.000 3.853 -0.853 -1.000 0.000 4.550 -1.337 4.398 -1.191 -1.318 -0.494 -0.074 -0.056 0.876 0.876 1.157 1.157 0.646 0.646 -0.651 0.625 0.903 2.071 2.071 2.929 0.697 -0.484 0.849 0.545 -0.338 0.641 -0.318 -0.494 0.588 
99.000 2.853 -0.853 -1.000 0.000 2.739 -2.660 2.819 -2.432 -1.607 -1.165 -0.122 -0.208 0.875 0.875 1.143 1.143 0.637 0.637 0.341 0.975 1.033 2.067 2.067 2.924 -0.114 -1.807 1.811 -0.034 -1.579 1.579 -0.607 -1.165 1.314 
