0.000 0.000 0.000 0.000 0.000 -1.392 0.204 -1.390 0.204 -0.014 0.002 0.000 0.000 0.999 0.999 3.147 3.147 0.910 0.910 1.392 -0.204 1.407 30.163 30.163 42.657 -1.392 0.204 1.407 -1.390 0.204 1.405 -0.014 0.002 0.014 
1.000 0.000 1.000 0.000 1.000 -1.045 3.279 -1.075 3.021 0.312 2.791 0.024 0.209 0.957 0.957 1.651 1.651 0.795 0.795 -0.359 -3.073 3.094 3.453 3.453 4.883 -1.045 2.279 2.507 -1.075 2.021 2.289 0.312 1.791 1.818 
2.000 0.000 2.000 0.000 1.000 -0.858 2.385 -0.843 2.916 0.270 0.593 0.010 -0.240 0.919 0.919 1.356 1.356 0.653 0.653 0.095 3.427 3.428 2.541 2.541 3.593 -0.858 0.385 0.940 -0.843 0.916 1.245 0.270 -0.407 0.488 
3.000 0.000 3.000 0.000 1.000 -1.099 2.683 -0.996 2.845 -0.074 -0.204 -0.073 -0.345 0.896 0.896 1.216 1.216 0.488 0.488 0.526 0.826 0.979 2.256 2.256 3.190 -1.099 -0.317 1.144 -0.996 -0.155 1.008 -0.074 -1.204 1.206 
4.000 0.000 4.000 0.000 1.000 0.538 4.152 0.191 3.826 0.844 0.382 0.152 -0.106 0.885 0.885 1.024 1.024 0.353 0.353 -1.608 -1.511 2.206 2.152 2.152 3.043 0.538 0.152 0.559 0.191 -0.174 0.258 0.844 -0.618 1.046 
5.000 0.000 5.000 0.000 1.000 -1.065 4.564 -0.548 4.476 -0.104 0.462 -0.077 -0.060 0.868 0.868 0.846 0.846 0.274 0.274 2.100 -0.356 2.130 2.016 2.016 2.851 -1.065 -0.436 1.151 -0.548 -0.524 0.758 -0.104 -0.538 0.548 
6.000 0.000 6.000 0.000 1.000 -1.011 4.570 -0.909 4.675 -0.337 0.241 -0.096 -0.082 0.846 0.846 0.719 0.719 0.238 0.238 0.359 0.368 0.514 1.875 1.875 2.652 -1.011 -1.430 1.751 -0.909 -1.325 1.607 -0.337 -0.759 0.831 
7.000 0.000 7.000 0.000 1.000 -0.157 9.360 -0.507 7.931 -0.023 1.835 -0.020 0.199 0.824 0.824 0.643 0.643 0.225 0.225 -1.089 -4.444 4.576 1.763 1.763 2.494 -0.157 2.360 2.365 -0.507 0.931 1.060 -0.023 0.835 0.835 
8.000 0.000 8.000 0.000 1.000 -1.584 6.504 -1.214 7.650 -0.401 0.926 -0.075 0.002 0.805 0.805 0.605 0.605 0.221 0.221 1.054 3.261 3.427 1.687 1.687 2.386 -1.584 -1.496 2.179 -1.214 -0.350 1.263 -0.401 -0.074 0.408 
9.000 0.000 9.000 0.000 1.000 0.799 8.386 -0.097 8.456 0.300 0.867 0.058 -0.008 0.793 0.793 0.590 0.590 0.220 0.220 -2.414 0.190 2.421 1.641 1.641 2.321 0.799 -0.614 1.008 -0.097 -0.544 0.552 0.300 -0.133 0.328 
10.000 0.000 10.000 0.000 1.000 -1.208 9.839 -0.669 9.642 -0.087 1.021 -0.021 0.020 0.786 0.786 0.587 0.587 0.220 0.220 1.411 -0.516 1.503 1.619 1.619 2.289 -1.208 -0.161 1.219 -0.669 -0.358 0.759 -0.087 0.021 0.089 
11.000 0.000 11.000 0.000 1.000 0.785 9.523 0.191 9.963 0.377 0.682 0.062 -0.042 0.784 0.784 0.587 0.587 0.220 0.220 -1.541 1.140 1.917 1.610 1.610 2.277 0.785 -1.477 1.673 0.191 -1.037 1.055 0.377 -0.318 0.493 
12.000 0.000 12.000 0.000 1.000 1.226 12.342 0.971 11.686 0.646 1.175 0.090 0.051 0.783 0.783 0.586 0.586 0.219 0.219 -0.659 -1.697 1.820 1.608 1.608 2.275 1.226 0.342 1.273 0.971 -0.314 1.021 0.646 0.175 0.669 
13.000 0.000 13.000 0.000 1.000 -0.880 13.535 0.085 13.274 -0.051 1.438 -0.050 0.082 0.783 0.783 0.585 0.585 0.219 0.219 2.497 -0.674 2.586 1.608 1.608 2.274 -0.880 0.535 1.030 0.085 0.274 0.287 -0.051 0.438 0.441 
14.000 0.000 14.000 0.000 1.000 -2.088 14.557 -1.267 14.617 -0.768 1.471 -0.157 0.065 0.783 0.783 0.584 0.584 0.219 0.219 2.123 0.155 2.129 1.608 1.608 2.274 -2.088 0.557 2.161 -1.267 0.617 1.409 -0.768 0.471 0.901 
15.000 0.000 15.000 0.000 1.000 1.510 15.147 0.138 15.511 0.188 1.241 0.045 0.009 0.783 0.783 0.583 0.583 0.219 0.219 -3.545 0.941 3.668 1.607 1.607 2.273 1.510 0.147 1.517 0.138 0.511 0.530 0.188 0.241 0.306 
16.000 0.000 16.000 0.000 1.000 3.918 18.766 2.526 17.986 1.360 1.882 0.229 0.114 0.783 0.783 0.583 0.583 0.219 0.219 -3.592 -2.014 4.118 1.607 1.607 2.272 3.918 2.766 4.796 2.526 1.986 3.213 1.360 0.882 1.621 
17.000 0.000 17.000 0.000 1.000 -0.812 17.072 1.009 18.156 0.115 1.119 -0.040 -0.044 0.783 0.783 0.583 0.583 0.219 0.219 4.698 2.796 5.467 1.606 1.606 2.272 -0.812 0.072 0.815 1.009 1.156 1.534 0.115 0.119 0.166 
18.000 0.000 18.000 0.000 1.000 -1.926 16.171 -0.744 17.374 -0.882 0.102 -0.196 -0.202 0.783 0.783 0.583 0.583 0.219 0.219 3.050 3.104 4.352 1.606 1.606 2.271 -1.926 -1.829 2.656 -0.744 -0.626 0.972 -0.882 -0.898 1.258 
19.000 0.000 19.000 0.000 1.000 -0.891 19.736 -1.176 18.860 -0.848 0.609 -0.138 -0.064 0.783 0.783 0.583 0.583 0.219 0.219 -0.734 -2.260 2.376 1.606 1.606 2.271 -0.891 0.736 1.156 -1.176 -0.140 1.184 -0.848 -0.391 0.934 
20.000 0.000 20.000 0.000 1.000 -0.794 20.753 -1.271 20.255 -0.600 0.948 -0.060 0.010 0.783 0.783 0.583 0.583 0.219 0.219 -1.229 -1.284 1.778 1.606 1.606 2.271 -0.794 0.753 1.094 -1.271 0.255 1.296 -0.600 -0.052 0.603 
21.000 0.000 21.000 0.000 1.000 1.213 19.185 0.017 19.967 0.307 0.325 0.108 -0.097 0.783 0.783 0.583 0.583 0.219 0.219 -3.084 2.018 3.685 1.606 1.606 2.271 1.213 -1.815 2.183 0.017 -1.033 1.033 0.307 -0.675 0.741 
22.000 0.156 21.988 0.156 0.988 1.109 21.185 0.805 20.839 0.661 0.508 0.138 -0.040 0.783 0.783 0.583 0.583 0.219 0.219 -0.785 -0.892 1.188 1.606 1.606 2.271 0.953 -0.803 1.246 0.649 -1.149 1.319 0.505 -0.480 0.696 
23.000 0.465 22.939 0.309 0.951 0.306 22.597 0.755 22.113 0.435 0.860 0.064 0.029 0.783 0.783 0.583 0.583 0.219 0.219 1.159 -1.250 1.705 1.606 1.606 2.271 -0.159 -0.342 0.377 0.290 -0.826 0.876 0.126 -0.091 0.156 
24.000 0.919 23.830 0.454 0.891 4.045 18.862 2.938 20.456 1.394 -0.399 0.207 -0.189 0.783 0.783 0.583 0.583 0.219 0.219 -2.854 4.111 5.004 1.606 1.606 2.271 3.126 -4.968 5.870 2.019 -3.374 3.932 0.940 -1.290 1.596 
25.000 1.507 24.639 0.588 0.809 2.410 27.251 4.302 20.168 1.585 -0.531 0.184 -0.161 1.247 1.247 0.766 0.766 0.234 0.234 1.922 -7.195 7.447 1.606 1.606 2.271 0.903 2.612 2.764 2.795 -4.471 5.273 0.997 -1.340 1.670 
26.000 2.214 25.346 0.707 0.707 1.367 26.248 5.725 19.875 1.696 -0.586 0.155 -0.129 1.897 1.897 0.951 0.951 0.245 0.245 4.520 -6.611 8.009 2.176 2.176 3.077 -0.847 0.902 1.237 3.511 -5.471 6.501 0.989 -1.293 1.628 
27.000 3.023 25.934 0.809 0.588 2.450 26.607 3.021 25.766 0.180 1.744 -0.075 0.199 0.941 0.941 0.592 0.592 0.221 0.221 4.971 -7.318 8.847 2.950 2.950 4.173 -0.573 0.673 0.884 -0.002 -0.168 0.168 -0.629 1.156 1.316 
28.000 3.914 26.388 0.891 0.454 2.778 26.450 2.924 26.815 -0.016 1.639 -0.086 0.132 0.810 0.810 0.607 0.607 0.224 0.224 0.423 1.061 1.142 1.705 1.705 2.411 -1.136 0.062 1.138 -0.990 0.427 1.078 -0.907 1.185 1.492 
29.000 4.865 26.697 0.951 0.309 5.267 25.785 4.359 26.813 0.633 0.940 0.045 -0.019 0.784 0.784 0.622 0.622 0.223 0.223 -2.359 2.669 3.562 1.612 1.612 2.279 0.402 -0.912 0.997 -0.506 0.116 0.519 -0.318 0.631 0.706 
30.000 5.853 26.853 0.988 0.156 5.777 26.740 5.478 27.126 0.936 0.588 0.083 -0.072 0.787 0.787 0.615 0.615 0.221 0.221 -0.785 1.012 1.281 1.620 1.620 2.291 -0.076 -0.113 0.136 -0.375 0.273 0.464 -0.052 0.432 0.435 
31.000 6.853 26.853 1.000 0.000 6.743 24.839 6.619 25.922 1.127 -0.425 0.092 -0.219 0.789 0.789 0.599 0.599 0.219 0.219 -0.329 2.875 2.894 1.629 1.629 2.304 -0.110 -2.014 2.017 -0.234 -0.931 0.960 0.127 -0.425 0.444 
32.000 7.853 26.853 1.000 0.000 11.939 31.791 7.813 25.598 1.254 -0.592 0.089 -0.188 1.269 1.269 0.780 0.780 0.234 0.234 -4.193 -6.294 7.563 1.624 1.624 2.296 4.086 4.938 6.409 -0.040 -1.255 1.255 0.254 -0.592 0.644 
33.000 8.853 26.853 1.000 0.000 7.807 26.836 8.065 26.461 0.899 -0.136 0.016 -0.076 0.892 0.892 0.590 0.590 0.219 0.219 1.260 -1.830 2.222 2.209 2.209 3.124 -1.046 -0.017 1.046 -0.788 -0.392 0.880 -0.101 -0.136 0.169 
34.000 9.853 26.853 1.000 0.000 9.671 27.218 9.423 26.905 1.126 0.056 0.047 -0.027 0.806 0.806 0.588 0.588 0.221 0.221 -0.707 -0.893 1.139 1.688 1.688 2.387 -0.182 0.365 0.408 -0.430 0.052 0.433 0.126 0.056 0.138 
35.000 10.853 26.853 1.000 0.000 10.397 27.954 10.456 27.571 1.127 0.334 0.035 0.026 0.784 0.784 0.599 0.599 0.222 0.222 0.152 -0.994 1.005 1.611 1.611 2.278 -0.456 1.101 1.192 -0.397 0.718 0.820 0.127 0.334 0.357 
36.000 11.853 26.853 1.000 0.000 12.352 27.417 12.055 27.605 1.407 0.205 0.072 -0.002 0.783 0.783 0.600 0.600 0.220 0.220 -0.769 0.488 0.911 1.609 1.609 2.275 0.499 0.564 0.753 0.202 0.752 0.779 0.407 0.205 0.456 
37.000 12.853 26.853 1.000 0.000 12.589 28.074 12.923 27.973 1.199 0.287 0.019 0.012 0.786 0.786 0.593 0.593 0.219 0.219 0.873 -0.264 0.912 1.616 1.616 2.285 -0.264 1.221 1.249 0.070 1.120 1.122 0.199 0.287 0.350 
38.000 13.853 26.853 1.000 0.000 14.310 27.960 14.238 28.075 1.277 0.204 0.027 -0.005 0.786 0.786 0.587 0.587 0.219 0.219 -0.188 0.300 0.354 1.616 1.616 2.285 0.457 1.107 1.198 0.385 1.222 1.281 0.277 0.204 0.344 
39.000 14.853 26.853 1.000 0.000 12.387 24.827 13.591 26.156 0.319 -0.888 -0.139 -0.185 0.784 0.784 0.584 0.584 0.219 0.219 3.129 3.452 4.659 1.612 1.612 2.279 -2.466 -2.026 3.192 -1.262 -0.697 1.442 -0.681 -0.888 1.119 
40.000 15.853 26.853 1.000 0.000 16.360 16.867 13.948 25.136 0.199 -1.140 -0.122 -0.177 1.249 1.249 0.767 0.767 0.234 0.234 -2.450 8.400 8.750 1.608 1.608 2.274 0.507 -9.986 9.999 -1.905 -1.717 2.564 -0.801 -1.140 1.393 
41.000 16.853 26.853 1.000 0.000 18.567 27.281 17.635 26.589 1.626 -0.166 0.118 0.010 0.888 0.888 0.590 0.590 0.219 0.219 -4.420 -3.285 5.506 2.178 2.178 3.080 1.714 0.428 1.767 0.782 -0.264 0.826 0.626 -0.166 0.647 
42.000 17.853 26.853 1.000 0.000 17.204 27.692 17.929 27.245 1.125 0.225 0.009 0.069 0.805 0.805 0.588 0.588 0.221 0.221 2.057 -1.270 2.417 1.685 1.685 2.382 -0.649 0.839 1.061 0.076 0.392 0.399 0.125 0.225 0.258 
43.000 18.853 26.853 1.000 0.000 17.924 26.501 18.360 26.874 0.786 -0.004 -0.050 0.013 0.784 0.784 0.599 0.599 0.221 0.221 1.130 0.969 1.489 1.611 1.611 2.278 -0.929 -0.352 0.993 -0.493 0.021 0.494 -0.214 -0.004 0.214 
44.000 19.853 26.853 1.000 0.000 20.773 27.993 20.144 27.559 1.255 0.366 0.042 0.071 0.783 0.783 0.599 0.599 0.220 0.220 -1.627 -1.122 1.977 1.609 1.609 2.275 0.920 1.140 1.465 0.291 0.706 0.764 0.255 0.366 0.446 
45.000 20.853 26.853 1.000 0.000 18.797 26.605 19.794 27.111 0.462 0.014 -0.101 -0.006 0.785 0.785 0.593 0.593 0.219 0.219 2.602 1.320 2.918 1.615 1.615 2.284 -2.056 -0.248 2.071 -1.059 0.258 1.090 -0.538 0.014 0.538 
46.000 21.853 26.853 1.000 0.000 22.267 28.117 21.496 27.737 1.000 0.323 0.015 0.046 0.785 0.785 0.586 0.586 0.219 0.219 -2.011 -0.992 2.242 1.615 1.615 2.284 0.414 1.264 1.330 -0.357 0.884 0.953 0.000 0.323 0.323 
47.000 22.841 26.697 0.988 -0.156 24.035 26.047 23.442 26.822 1.499 -0.264 0.094 -0.063 0.784 0.784 0.584 0.584 0.219 0.219 -1.538 2.013 2.533 1.611 1.611 2.279 1.194 -0.650 1.359 0.601 0.125 0.614 0.511 -0.108 0.522 
48.000 23.792 26.388 0.951 -0.309 22.755 28.338 23.601 27.649 0.907 0.231 -0.030 0.036 0.783 0.783 0.583 0.583 0.219 0.219 2.187 -1.780 2.819 1.608 1.608 2.274 -1.037 1.950 2.209 -0.191 1.261 1.276 -0.044 0.540 0.541 
49.000 24.683 25.934 0.891 -0.454 24.544 26.502 24.530 27.036 0.889 -0.165 -0.025 -0.040 0.783 0.783 0.583 0.583 0.219 0.219 -0.036 1.378 1.379 1.606 1.606 2.272 -0.139 0.568 0.585 -0.153 1.102 1.113 -0.002 0.289 0.289 
50.000 25.492 25.346 0.809 -0.588 24.378 24.798 24.782 25.602 0.537 -0.855 -0.077 -0.144 0.783 0.783 0.584 0.584 0.219 0.219 1.041 2.073 2.320 1.606 1.606 2.271 -1.114 -0.548 1.241 -0.710 0.256 0.755 -0.272 -0.267 0.381 
51.000 26.199 24.639 0.707 -0.707 26.380 24.602 25.969 24.658 0.793 -1.045 -0.014 -0.138 0.783 0.783 0.584 0.584 0.219 0.219 -1.061 0.145 1.071 1.606 1.606 2.272 0.181 -0.037 0.185 -0.230 0.019 0.231 0.086 -0.338 0.349 
52.000 26.787 23.830 0.588 -0.809 25.328 24.087 25.884 23.903 0.330 -1.034 -0.088 -0.099 0.783 0.783 0.583 0.583 0.219 0.219 1.434 -0.474 1.510 1.606 1.606 2.272 -1.459 0.257 1.481 -0.903 0.073 0.906 -0.258 -0.225 0.343 
53.000 27.241 22.939 0.454 -0.891 26.748 22.217 26.541 22.470 0.410 -1.337 -0.051 -0.123 0.783 0.783 0.583 0.583 0.219 0.219 -0.535 0.653 0.844 1.606 1.606 2.272 -0.493 -0.722 0.874 -0.700 -0.469 0.843 -0.044 -0.446 0.449 
54.000 27.550 21.988 0.309 -0.951 28.671 21.890 28.004 21.596 0.899 -1.223 0.044 -0.071 0.783 0.783 0.583 0.583 0.219 0.219 -1.721 -0.758 1.880 1.606 1.606 2.272 1.121 -0.098 1.125 0.454 -0.392 0.600 0.590 -0.272 0.649 
55.000 27.706 21.000 0.156 -0.988 27.413 20.288 27.990 20.321 0.476 -1.321 -0.038 -0.069 0.783 0.783 0.583 0.583 0.219 0.219 1.490 0.085 1.492 1.606 1.606 2.271 -0.293 -0.712 0.770 0.284 -0.679 0.736 0.320 -0.333 0.462 
56.000 27.706 20.000 0.000 -1.000 15.755 13.500 28.269 18.914 0.337 -1.434 -0.051 -0.069 1.247 1.247 0.766 0.766 0.234 0.234 12.711 5.500 13.850 1.606 1.606 2.271 -11.951 -6.500 13.604 0.563 -1.086 1.223 0.337 -0.434 0.549 
57.000 27.706 19.000 0.000 -1.000 28.032 19.897 28.153 19.387 0.084 -0.655 -0.076 0.063 0.888 0.888 0.590 0.590 0.219 0.219 0.573 -2.416 2.483 2.176 2.176 3.077 0.326 0.897 0.954 0.447 0.387 0.591 0.084 0.345 0.355 
58.000 27.706 18.000 0.000 -1.000 27.323 17.636 27.645 18.022 -0.266 -0.922 -0.111 0.005 0.805 0.805 0.587 0.587 0.221 0.221 0.915 1.095 1.427 1.685 1.685 2.382 -0.383 -0.364 0.528 -0.061 0.022 0.065 -0.266 0.078 0.277 
59.000 27.706 17.000 0.000 -1.000 28.642 18.093 28.155 17.710 0.011 -0.612 -0.036 0.055 0.784 0.784 0.598 0.598 0.221 0.221 -1.263 -0.993 1.606 1.610 1.610 2.278 0.936 1.093 1.439 0.449 0.710 0.840 0.011 0.388 0.388 
60.000 27.706 16.000 0.000 -1.000 27.236 13.214 27.595 14.716 -0.321 -1.793 -0.082 -0.157 0.783 0.783 0.599 0.599 0.220 0.220 0.930 3.885 3.994 1.608 1.608 2.275 -0.470 -2.786 2.825 -0.111 -1.284 1.289 -0.321 -0.793 0.855 
61.000 27.706 15.000 0.000 -1.000 29.309 16.462 28.529 15.105 0.249 -0.816 0.035 0.047 0.785 0.785 0.592 0.592 0.219 0.219 -2.035 -3.539 4.082 1.615 1.615 2.284 1.603 1.462 2.170 0.823 0.105 0.830 0.249 0.184 0.310 
62.000 27.706 14.000 0.000 -1.000 27.315 12.685 27.876 13.300 -0.181 -1.279 -0.046 -0.042 0.785 0.785 0.586 0.586 0.219 0.219 1.463 1.604 2.171 1.615 1.615 2.284 -0.391 -1.315 1.372 0.170 -0.700 0.720 -0.181 -0.279 0.332 
63.000 27.706 13.000 0.000 -1.000 28.197 13.649 28.004 13.022 -0.069 -0.809 -0.015 0.047 0.784 0.784 0.584 0.584 0.219 0.219 -0.502 -1.628 1.703 1.611 1.611 2.278 0.491 0.649 0.814 0.298 0.022 0.298 -0.069 0.191 0.203 
64.000 27.706 12.000 0.000 -1.000 30.799 18.608 27.980 12.313 -0.061 -0.711 -0.010 0.051 1.249 1.249 0.766 0.766 0.234 0.234 -2.864 -6.395 7.007 1.608 1.608 2.274 3.093 6.608 7.296 0.274 0.313 0.416 -0.061 0.289 0.295 
65.000 27.706 11.000 0.000 -1.000 28.777 11.139 28.596 11.237 0.230 -0.822 0.036 0.022 0.888 0.888 0.590 0.590 0.219 0.219 -0.858 0.463 0.975 2.178 2.178 3.080 1.071 0.139 1.080 0.890 0.237 0.921 0.230 0.178 0.291 
66.000 27.706 10.000 0.000 -1.000 28.580 8.976 28.667 9.483 0.192 -1.233 0.020 -0.049 0.805 0.805 0.588 0.588 0.221 0.221 0.246 1.438 1.459 1.685 1.685 2.382 0.874 -1.024 1.346 0.961 -0.517 1.091 0.192 -0.233 0.302 
67.000 27.706 9.000 0.000 -1.000 29.650 8.525 29.345 8.419 0.456 -1.197 0.059 -0.030 0.784 0.784 0.599 0.599 0.221 0.221 -0.791 -0.275 0.838 1.611 1.611 2.278 1.944 -0.475 2.001 1.639 -0.581 1.739 0.456 -0.197 0.496 
68.000 27.706 8.000 0.000 -1.000 24.750 8.668 26.701 8.109 -1.094 -0.766 -0.216 0.050 0.783 0.783 0.599 0.599 0.220 0.220 5.051 -1.446 5.254 1.609 1.609 2.275 -2.956 0.668 3.031 -1.005 0.109 1.011 -1.094 0.234 1.118 
69.000 27.706 7.000 0.000 -1.000 26.251 7.666 26.004 7.542 -1.103 -0.612 -0.160 0.062 0.785 0.785 0.593 0.593 0.219 0.219 -0.643 -0.323 0.720 1.615 1.615 2.284 -1.455 0.666 1.600 -1.702 0.542 1.786 -1.103 0.388 1.170 
70.000 27.706 6.000 0.000 -1.000 27.522 5.152 26.517 5.833 -0.431 -1.115 -0.007 -0.037 0.785 0.785 0.586 0.586 0.219 0.219 -2.621 1.778 3.167 1.615 1.615 2.284 -0.184 -0.848 0.868 -1.189 -0.167 1.200 -0.431 -0.115 0.446 
71.000 27.706 5.000 0.000 -1.000 28.622 5.652 27.645 5.292 0.361 -0.858 0.126 0.015 0.784 0.784 0.584 0.584 0.219 0.219 -2.536 -0.933 2.702 1.611 1.611 2.279 0.916 0.652 1.124 -0.061 0.292 0.299 0.361 0.142 0.387 
72.000 27.550 4.012 -0.156 -0.988 23.765 1.491 25.406 2.630 -0.842 -1.765 -0.108 -0.140 0.783 0.783 0.583 0.583 0.219 0.219 4.241 2.943 5.162 1.608 1.608 2.274 -3.785 -2.521 4.548 -2.144 -1.382 2.551 -0.686 -0.777 1.037 
73.000 27.241 3.061 -0.309 -0.951 28.273 2.867 26.835 2.091 0.213 -1.278 0.097 -0.021 0.783 0.783 0.583 0.583 0.219 0.219 -3.709 -2.003 4.216 1.606 1.606 2.272 1.032 -0.194 1.050 -0.406 -0.970 1.052 0.522 -0.327 0.616 
74.000 26.787 2.170 -0.454 -0.891 27.491 1.341 27.319 1.136 0.449 -1.133 0.111 0.009 0.783 0.783 0.584 0.584 0.219 0.219 -0.443 -0.528 0.689 1.606 1.606 2.271 0.704 -0.829 1.088 0.532 -1.034 1.163 0.903 -0.242 0.935 
75.000 26.199 1.361 -0.588 -0.809 25.366 0.865 26.297 0.531 -0.194 -0.854 -0.026 0.053 0.783 0.783 0.584 0.584 0.219 0.219 2.402 -0.862 2.552 1.606 1.606 2.272 -0.833 -0.496 0.969 0.098 -0.830 0.836 0.394 -0.045 0.397 
76.000 25.492 0.654 -0.707 -0.707 24.986 0.696 25.419 0.301 -0.571 -0.481 -0.082 0.101 0.783 0.783 0.583 0.583 0.219 0.219 1.117 -1.019 1.512 1.606 1.606 2.272 -0.506 0.042 0.508 -0.073 -0.353 0.360 0.136 0.226 0.264 
77.000 24.683 0.066 -0.809 -0.588 25.717 -1.467 25.380 -0.968 -0.380 -0.784 -0.028 0.024 0.783 0.783 0.583 0.583 0.219 0.219 -0.869 1.287 1.553 1.606 1.606 2.272 1.034 -1.533 1.849 0.697 -1.034 1.247 0.429 -0.196 0.471 
78.000 23.792 -0.388 -0.891 -0.454 23.725 0.219 24.219 -0.545 -0.809 -0.142 -0.092 0.125 0.783 0.783 0.583 0.583 0.219 0.219 1.275 -1.971 2.347 1.606 1.606 2.272 -0.067 0.607 0.611 0.427 -0.157 0.455 0.082 0.312 0.323 
79.000 22.841 -0.697 -0.951 -0.309 22.994 -0.115 23.155 -0.337 -1.032 0.162 -0.105 0.142 0.783 0.783 0.583 0.583 0.219 0.219 0.416 -0.572 0.707 1.606 1.606 2.271 0.153 0.582 0.602 0.314 0.360 0.478 -0.081 0.471 0.478 
80.000 21.853 -0.853 -0.988 -0.156 24.760 -3.943 23.738 -2.482 -0.310 -0.877 0.044 -0.070 0.783 0.783 0.583 0.583 0.219 0.219 -2.636 3.768 4.599 1.606 1.606 2.271 2.907 -3.090 4.242 1.885 -1.629 2.491 0.678 -0.721 0.990 
81.000 20.853 -0.853 -1.000 0.000 19.755 1.569 23.371 -3.283 -0.296 -0.908 0.034 -0.056 1.247 1.247 0.766 0.766 0.234 0.234 3.673 -4.929 6.147 1.606 1.606 2.271 -1.098 2.422 2.659 2.518 -2.430 3.499 0.704 -0.908 1.149 
82.000 19.853 -0.853 -1.000 0.000 21.078 0.186 21.500 -0.738 -0.962 0.571 -0.072 0.176 0.888 0.888 0.590 0.590 0.219 0.219 1.997 -4.377 4.811 2.176 2.176 3.077 1.225 1.039 1.606 1.647 0.115 1.651 0.038 0.571 0.572 
83.000 18.853 -0.853 -1.000 0.000 20.188 -0.164 20.311 -0.165 -1.139 0.748 -0.082 0.159 0.805 0.805 0.587 0.587 0.221 0.221 0.350 -0.003 0.350 1.685 1.685 2.382 1.335 0.689 1.502 1.458 0.688 1.612 -0.139 0.748 0.761 
84.000 17.853 -0.853 -1.000 0.000 17.900 -2.238 18.390 -1.150 -1.612 0.039 -0.138 -0.001 0.784 0.784 0.598 0.598 0.221 0.221 1.272 2.821 3.095 1.610 1.610 2.278 0.047 -1.385 1.386 0.537 -0.297 0.614 -0.612 0.039 0.613 
85.000 16.853 -0.853 -1.000 0.000 19.082 -1.141 18.191 -1.129 -1.018 0.029 -0.002 -0.003 0.783 0.783 0.599 0.599 0.220 0.220 -2.304 0.030 2.304 1.608 1.608 2.275 2.229 -0.288 2.248 1.338 -0.276 1.367 -0.018 0.029 0.034 
86.000 15.853 -0.853 -1.000 0.000 12.468 -1.637 14.272 -1.431 -2.527 -0.146 -0.252 -0.031 0.785 0.785 0.592 0.592 0.219 0.219 4.706 0.536 4.736 1.615 1.615 2.284 -3.385 -0.784 3.475 -1.581 -0.578 1.683 -1.527 -0.146 1.534 
87.000 14.853 -0.853 -1.000 0.000 14.101 -1.133 13.198 -1.303 -2.031 -0.036 -0.103 -0.005 0.785 0.785 0.586 0.586 0.219 0.219 -2.356 -0.444 2.398 1.615 1.615 2.284 -0.752 -0.280 0.802 -1.655 -0.450 1.716 -1.031 -0.036 1.032 
88.000 13.853 -0.853 -1.000 0.000 14.448 -1.825 13.184 -1.638 -1.102 -0.193 0.078 -0.029 0.784 0.784 0.584 0.584 0.219 0.219 -3.281 0.486 3.317 1.611 1.611 2.278 0.595 -0.972 1.140 -0.669 -0.785 1.031 -0.102 -0.193 0.218 
89.000 12.853 -0.853 -1.000 0.000 12.093 -0.565 12.089 -1.055 -1.020 0.174 0.071 0.040 0.783 0.783 0.583 0.583 0.219 0.219 -0.011 -1.266 1.266 1.608 1.608 2.274 -0.760 0.288 0.813 -0.764 -0.202 0.790 -0.020 0.174 0.175 
90.000 11.853 -0.853 -1.000 0.000 12.546 -1.795 11.973 -1.441 -0.486 -0.073 0.141 -0.012 0.783 0.783 0.583 0.583 0.219 0.219 -1.477 0.914 1.737 1.606 1.606 2.272 0.693 -0.942 1.169 0.120 -0.588 0.600 0.514 -0.073 0.519 
91.000 10.853 -0.853 -1.000 0.000 11.243 -0.158 11.338 -0.683 -0.422 0.340 0.114 0.060 0.783 0.783 0.584 0.584 0.219 0.219 0.244 -1.355 1.377 1.606 1.606 2.271 0.390 0.695 0.797 0.485 0.170 0.514 0.578 0.340 0.671 
92.000 9.853 -0.853 -1.000 0.000 9.514 0.580 10.057 0.222 -0.747 0.690 0.029 0.103 0.783 0.783 0.584 0.584 0.219 0.219 1.402 -0.923 1.679 1.606 1.606 2.272 -0.339 1.433 1.473 0.204 1.075 1.094 0.253 0.690 0.735 
93.000 8.853 -0.853 -1.000 0.000 9.391 -0.133 9.360 0.272 -0.693 0.465 0.031 0.037 0.783 0.783 0.583 0.583 0.219 0.219 -0.081 1.045 1.048 1.606 1.606 2.272 0.538 0.720 0.899 0.507 1.125 1.234 0.307 0.465 0.557 
94.000 7.853 -0.853 -1.000 0.000 8.459 1.186 8.540 1.012 -0.727 0.643 0.017 0.057 0.783 0.783 0.583 0.583 0.219 0.219 0.208 -0.450 0.495 1.606 1.606 2.272 0.606 2.039 2.127 0.687 1.865 1.987 0.273 0.643 0.698 
95.000 6.853 -0.853 -1.000 0.000 8.628 -1.333 8.312 -0.175 -0.455 -0.237 0.058 -0.105 0.783 0.783 0.583 0.583 0.219 0.219 -0.816 2.988 3.097 1.606 1.606 2.272 1.775 -0.480 1.839 1.459 0.678 1.609 0.545 -0.237 0.594 
96.000 5.853 -0.853 -1.000 0.000 -6.754 -4.563 7.630 -0.476 -0.514 -0.375 0.032 -0.100 1.247 1.247 0.766 0.766 0.234 0.234 14.611 4.151 15.189 1.606 1.606 2.271 -12.607 -3.710 13.142 1.777 0.377 1.816 0.486 -0.375 0.614 
97.000 4.853 -0.853 -1.000 0.000 5.233 -0.260 5.631 -0.385 -1.142 -0.268 -0.068 -0.059 0.888 0.888 0.590 0.590 0.219 0.219 1.883 -0.591 1.974 2.176 2.176 3.077 0.380 0.593 0.704 0.778 0.468 0.908 -0.142 -0.268 0.303 
98.000 3.853 -0.853 -1.000 0.000 4.550 -1.337 4.529 -1.096 -1.191 -0.533 -0.058 -0.086 0.805 0.805 0.587 0.587 0.221 0.221 -0.061 0.685 0.687 1.685 1.685 2.382 0.697 -0.484 0.849 0.676 -0.243 0.718 -0.191 -0.533 0.566 
99.000 2.853 -0.853 -1.000 0.000 2.739 -2.660 2.970 -2.262 -1.434 -0.936 -0.083 -0.130 0.784 0.784 0.598 0.598 0.221 0.221 0.598 1.031 1.192 1.610 1.610 2.278 -0.114 -1.807 1.811 0.117 -1.409 1.414 -0.434 -0.936 1.032 
