0.000 0.000 0.000 0.000 0.000 -1.392 0.204 -1.390 0.204 -0.014 0.002 0.000 0.000 0.999 0.999 3.145 3.145 0.902 0.902 1.392 -0.204 1.407 30.163 30.163 42.657 -1.392 0.204 1.407 -1.390 0.204 1.405 -0.014 0.002 0.014 
1.000 0.000 1.000 0.000 1.000 -1.045 3.279 -1.075 3.021 0.312 2.787 0.024 0.207 0.957 0.957 1.646 1.646 0.779 0.779 -0.359 -3.073 3.094 3.451 3.451 4.881 -1.045 2.279 2.507 -1.075 2.021 2.289 0.312 1.787 1.814 
2.000 0.000 2.000 0.000 1.000 -0.858 2.385 -0.843 2.917 0.270 0.606 0.010 -0.233 0.919 0.919 1.341 1.341 0.630 0.630 0.095 3.424 3.425 2.537 2.537 3.588 -0.858 0.385 0.940 -0.843 0.917 1.246 0.270 -0.394 0.477 
3.000 0.000 3.000 0.000 1.000 -1.099 2.683 -0.995 2.850 -0.069 -0.184 -0.070 -0.337 0.895 0.895 1.194 1.194 0.456 0.456 0.526 0.840 0.991 2.245 2.245 3.175 -1.099 -0.317 1.144 -0.995 -0.150 1.006 -0.069 -1.184 1.186 
4.000 0.000 4.000 0.000 1.000 0.538 4.152 0.186 3.826 0.826 0.375 0.144 -0.110 0.883 0.883 0.994 0.994 0.306 0.306 -1.601 -1.486 2.185 2.134 2.134 3.018 0.538 0.152 0.559 0.186 -0.174 0.255 0.826 -0.625 1.036 
5.000 0.000 5.000 0.000 1.000 -1.065 4.564 -0.542 4.473 -0.079 0.448 -0.066 -0.065 0.865 0.865 0.801 0.801 0.206 0.206 2.078 -0.363 2.109 1.993 1.993 2.819 -1.065 -0.436 1.151 -0.542 -0.527 0.756 -0.079 -0.552 0.557 
6.000 0.000 6.000 0.000 1.000 -1.011 4.570 -0.896 4.673 -0.305 0.239 -0.085 -0.082 0.840 0.840 0.648 0.648 0.147 0.147 0.390 0.351 0.525 1.844 1.844 2.608 -1.011 -1.430 1.751 -0.896 -1.327 1.601 -0.305 -0.761 0.820 
7.000 0.000 7.000 0.000 1.000 -0.157 9.360 -0.511 7.851 -0.041 1.641 -0.028 0.133 0.813 0.813 0.536 0.536 0.114 0.114 -1.044 -4.448 4.569 1.717 1.717 2.428 -0.157 2.360 2.365 -0.511 0.851 0.992 -0.041 0.641 0.642 
8.000 0.000 8.000 0.000 1.000 -1.584 6.504 -1.190 7.646 -0.353 0.951 -0.060 0.018 0.786 0.786 0.456 0.456 0.096 0.096 1.031 2.987 3.160 1.617 1.617 2.287 -1.584 -1.496 2.179 -1.190 -0.354 1.241 -0.353 -0.049 0.357 
9.000 0.000 9.000 0.000 1.000 0.799 8.386 -0.187 8.475 0.131 0.920 0.007 0.011 0.761 0.761 0.400 0.400 0.087 0.087 -2.342 0.211 2.352 1.541 1.541 2.180 0.799 -0.614 1.008 -0.187 -0.525 0.557 0.131 -0.080 0.154 
10.000 0.000 10.000 0.000 1.000 -1.208 9.839 -0.685 9.637 -0.095 1.020 -0.018 0.019 0.739 0.739 0.362 0.362 0.083 0.083 1.152 -0.444 1.235 1.485 1.485 2.100 -1.208 -0.161 1.219 -0.685 -0.363 0.775 -0.095 0.020 0.097 
11.000 0.000 11.000 0.000 1.000 0.785 9.523 0.033 10.068 0.171 0.833 0.013 -0.004 0.721 0.721 0.339 0.339 0.082 0.082 -1.565 1.134 1.933 1.443 1.443 2.041 0.785 -1.477 1.673 0.033 -0.932 0.933 0.171 -0.167 0.239 
12.000 0.000 12.000 0.000 1.000 1.226 12.342 0.715 11.621 0.356 1.071 0.030 0.021 0.707 0.707 0.326 0.326 0.081 0.081 -1.022 -1.441 1.766 1.413 1.413 1.999 1.226 0.342 1.273 0.715 -0.379 0.809 0.356 0.071 0.363 
13.000 0.000 13.000 0.000 1.000 -0.880 13.535 0.124 13.101 0.072 1.228 -0.006 0.034 0.697 0.697 0.320 0.320 0.081 0.081 1.950 -0.843 2.125 1.394 1.394 1.971 -0.880 0.535 1.030 0.124 0.101 0.160 0.072 0.228 0.239 
14.000 0.000 14.000 0.000 1.000 -2.088 14.557 -0.891 14.438 -0.292 1.298 -0.045 0.034 0.690 0.690 0.317 0.317 0.081 0.081 2.285 -0.228 2.296 1.381 1.381 1.954 -2.088 0.557 2.161 -0.891 0.438 0.993 -0.292 0.298 0.417 
15.000 0.000 15.000 0.000 1.000 1.510 15.147 0.085 15.458 0.082 1.240 0.006 0.021 0.686 0.686 0.317 0.317 0.081 0.081 -2.693 0.588 2.757 1.375 1.375 1.944 1.510 0.147 1.517 0.085 0.458 0.466 0.082 0.240 0.254 
16.000 0.000 16.000 0.000 1.000 3.918 18.766 1.925 17.668 0.670 1.582 0.070 0.054 0.685 0.685 0.317 0.317 0.081 0.081 -3.751 -2.067 4.283 1.372 1.372 1.940 3.918 2.766 4.796 1.925 1.668 2.547 0.670 0.582 0.887 
17.000 0.000 17.000 0.000 1.000 -0.812 17.072 1.001 18.231 0.210 1.298 0.004 0.011 0.684 0.684 0.317 0.317 0.081 0.081 3.407 2.178 4.043 1.371 1.371 1.939 -0.812 0.072 0.815 1.001 1.231 1.586 0.210 0.298 0.365 
18.000 0.000 18.000 0.000 1.000 -1.926 16.171 -0.257 17.958 -0.274 0.787 -0.051 -0.048 0.684 0.684 0.316 0.316 0.081 0.081 3.137 3.357 4.595 1.371 1.371 1.939 -1.926 -1.829 2.656 -0.257 -0.042 0.260 -0.274 -0.213 0.347 
19.000 0.000 19.000 0.000 1.000 -0.891 19.736 -0.699 19.208 -0.381 0.893 -0.052 -0.026 0.684 0.684 0.316 0.316 0.081 0.081 0.361 -0.991 1.055 1.371 1.371 1.938 -0.891 0.736 1.156 -0.699 0.208 0.729 -0.381 -0.107 0.396 
20.000 0.000 20.000 0.000 1.000 -0.794 20.753 -0.946 20.406 -0.389 0.968 -0.042 -0.012 0.684 0.684 0.315 0.315 0.081 0.081 -0.286 -0.652 0.712 1.371 1.371 1.938 -0.794 0.753 1.094 -0.946 0.406 1.030 -0.389 -0.032 0.390 
21.000 0.000 21.000 0.000 1.000 1.213 19.185 -0.144 20.351 -0.035 0.616 0.006 -0.049 0.684 0.684 0.315 0.315 0.081 0.081 -2.548 2.189 3.359 1.370 1.370 1.938 1.213 -1.815 2.183 -0.144 -0.649 0.665 -0.035 -0.384 0.386 
22.000 0.156 21.988 0.156 0.988 1.109 21.185 0.423 21.069 0.171 0.601 0.028 -0.040 0.684 0.684 0.315 0.315 0.081 0.081 -1.288 -0.218 1.306 1.370 1.370 1.937 0.953 -0.803 1.246 0.267 -0.919 0.957 0.015 -0.387 0.387 
23.000 0.465 22.939 0.309 0.951 0.306 22.597 0.459 22.103 0.154 0.704 0.020 -0.020 0.683 0.683 0.315 0.315 0.081 0.081 0.287 -0.927 0.971 1.370 1.370 1.937 -0.159 -0.342 0.377 -0.006 -0.836 0.836 -0.155 -0.247 0.291 
24.000 0.919 23.830 0.454 0.891 4.045 18.862 0.643 22.773 0.184 0.673 0.019 -0.019 0.932 0.932 0.378 0.378 0.084 0.084 -3.432 3.945 5.229 1.369 1.369 1.937 3.126 -4.968 5.870 -0.276 -1.057 1.093 -0.270 -0.218 0.347 
25.000 1.507 24.639 0.588 0.809 2.410 27.251 1.798 25.779 0.501 1.370 0.048 0.056 0.783 0.783 0.326 0.326 0.081 0.081 -1.583 -3.806 4.122 1.608 1.608 2.274 0.903 2.612 2.764 0.291 1.140 1.177 -0.087 0.561 0.567 
26.000 2.214 25.346 0.707 0.707 1.367 26.248 1.812 26.678 0.401 1.282 0.028 0.036 0.723 0.723 0.315 0.315 0.081 0.081 0.932 0.901 1.296 1.448 1.448 2.048 -0.847 0.902 1.237 -0.402 1.332 1.391 -0.306 0.575 0.652 
27.000 3.023 25.934 0.809 0.588 2.450 26.607 2.328 27.304 0.465 1.113 0.029 0.010 0.696 0.696 0.315 0.315 0.081 0.081 -0.237 1.353 1.374 1.393 1.393 1.970 -0.573 0.673 0.884 -0.695 1.370 1.537 -0.344 0.525 0.628 
28.000 3.914 26.388 0.891 0.454 2.778 26.450 2.786 27.492 0.491 0.824 0.026 -0.024 0.686 0.686 0.318 0.318 0.081 0.081 0.014 1.967 1.967 1.374 1.374 1.943 -1.136 0.062 1.138 -1.128 1.104 1.579 -0.400 0.370 0.545 
29.000 4.865 26.697 0.951 0.309 5.267 25.785 4.206 27.135 0.824 0.410 0.057 -0.065 0.683 0.683 0.320 0.320 0.081 0.081 -1.990 2.532 3.220 1.369 1.369 1.937 0.402 -0.912 0.997 -0.659 0.438 0.792 -0.127 0.101 0.162 
30.000 5.853 26.853 0.988 0.156 5.777 26.740 5.379 27.169 0.998 0.219 0.065 -0.073 0.684 0.684 0.320 0.320 0.081 0.081 -0.747 0.805 1.098 1.370 1.370 1.938 -0.076 -0.113 0.136 -0.474 0.316 0.569 0.010 0.063 0.064 
31.000 6.853 26.853 1.000 0.000 6.743 24.839 6.549 26.193 1.120 -0.254 0.065 -0.110 0.685 0.685 0.318 0.318 0.081 0.081 -0.366 2.548 2.575 1.372 1.372 1.940 -0.110 -2.014 2.017 -0.304 -0.660 0.727 0.120 -0.254 0.281 
32.000 7.853 26.853 1.000 0.000 11.939 31.791 7.707 25.991 1.198 -0.346 0.060 -0.097 0.936 0.936 0.382 0.382 0.084 0.084 -4.270 -5.851 7.244 1.372 1.372 1.941 4.086 4.938 6.409 -0.146 -0.862 0.875 0.198 -0.346 0.399 
33.000 8.853 26.853 1.000 0.000 7.807 26.836 8.228 26.379 1.049 -0.217 0.032 -0.064 0.785 0.785 0.328 0.328 0.081 0.081 1.097 -1.192 1.620 1.614 1.614 2.283 -1.046 -0.017 1.046 -0.625 -0.474 0.785 0.049 -0.217 0.223 
34.000 9.853 26.853 1.000 0.000 9.671 27.218 9.484 26.716 1.144 -0.112 0.036 -0.040 0.724 0.724 0.315 0.315 0.081 0.081 -0.394 -1.056 1.128 1.450 1.450 2.051 -0.182 0.365 0.408 -0.369 -0.137 0.394 0.144 -0.112 0.183 
35.000 10.853 26.853 1.000 0.000 10.397 27.954 10.516 27.259 1.145 0.052 0.028 -0.014 0.697 0.697 0.315 0.315 0.081 0.081 0.231 -1.351 1.370 1.394 1.394 1.972 -0.456 1.101 1.192 -0.337 0.406 0.528 0.145 0.052 0.154 
36.000 11.853 26.853 1.000 0.000 12.352 27.417 11.986 27.361 1.278 0.054 0.037 -0.011 0.686 0.686 0.318 0.318 0.081 0.081 -0.692 -0.106 0.700 1.374 1.374 1.943 0.499 0.564 0.753 0.133 0.508 0.525 0.278 0.054 0.283 
37.000 12.853 26.853 1.000 0.000 12.589 28.074 12.949 27.723 1.211 0.145 0.022 0.001 0.683 0.683 0.320 0.320 0.081 0.081 0.675 -0.659 0.943 1.369 1.369 1.937 -0.264 1.221 1.249 0.096 0.870 0.875 0.211 0.145 0.256 
38.000 13.853 26.853 1.000 0.000 14.310 27.960 14.230 27.911 1.256 0.160 0.022 0.003 0.684 0.684 0.320 0.320 0.081 0.081 -0.150 -0.093 0.177 1.370 1.370 1.938 0.457 1.107 1.198 0.377 1.058 1.123 0.256 0.160 0.302 
39.000 14.853 26.853 1.000 0.000 12.387 24.827 14.034 26.551 0.792 -0.346 -0.034 -0.054 0.685 0.685 0.318 0.318 0.081 0.081 3.099 3.244 4.486 1.372 1.372 1.940 -2.466 -2.026 3.192 -0.819 -0.302 0.873 -0.208 -0.346 0.403 
40.000 15.853 26.853 1.000 0.000 16.360 16.867 14.839 26.123 0.762 -0.427 -0.030 -0.052 0.936 0.936 0.382 0.382 0.084 0.084 -1.534 9.338 9.463 1.373 1.373 1.941 0.507 -9.986 9.999 -1.014 -0.730 1.249 -0.238 -0.427 0.489 
41.000 16.853 26.853 1.000 0.000 18.567 27.281 17.430 26.673 1.295 -0.178 0.030 -0.016 0.785 0.785 0.328 0.328 0.081 0.081 -2.965 -1.585 3.362 1.615 1.615 2.283 1.714 0.428 1.767 0.577 -0.180 0.604 0.295 -0.178 0.345 
42.000 17.853 26.853 1.000 0.000 17.204 27.692 17.927 27.123 1.082 -0.002 0.002 0.006 0.724 0.724 0.315 0.315 0.081 0.081 1.521 -1.197 1.935 1.450 1.450 2.051 -0.649 0.839 1.061 0.074 0.270 0.280 0.082 -0.002 0.082 
43.000 18.853 26.853 1.000 0.000 17.924 26.501 18.482 26.820 0.920 -0.091 -0.016 -0.005 0.697 0.697 0.315 0.315 0.081 0.081 1.085 0.620 1.250 1.394 1.394 1.972 -0.929 -0.352 0.993 -0.371 -0.033 0.372 -0.080 -0.091 0.121 
44.000 19.853 26.853 1.000 0.000 20.773 27.993 20.047 27.324 1.112 0.096 0.009 0.017 0.686 0.686 0.318 0.318 0.081 0.081 -1.371 -1.264 1.864 1.374 1.374 1.944 0.920 1.140 1.465 0.194 0.471 0.509 0.112 0.096 0.148 
45.000 20.853 26.853 1.000 0.000 18.797 26.605 20.057 27.040 0.757 -0.013 -0.033 0.001 0.683 0.683 0.320 0.320 0.081 0.081 2.363 0.815 2.499 1.369 1.369 1.937 -2.056 -0.248 2.071 -0.796 0.187 0.818 -0.243 -0.013 0.243 
46.000 21.853 26.853 1.000 0.000 22.267 28.117 21.493 27.536 0.951 0.158 -0.004 0.020 0.684 0.684 0.320 0.320 0.081 0.081 -1.453 -1.090 1.817 1.370 1.370 1.938 0.414 1.264 1.330 -0.360 0.683 0.772 -0.049 0.158 0.166 
47.000 22.841 26.697 0.988 -0.156 24.035 26.047 23.190 26.923 1.197 -0.080 0.024 -0.011 0.685 0.685 0.318 0.318 0.081 0.081 -1.591 1.648 2.290 1.372 1.372 1.940 1.194 -0.650 1.359 0.349 0.226 0.415 0.209 0.076 0.222 
48.000 23.792 26.388 0.951 -0.309 22.755 28.338 23.621 27.544 0.965 0.143 -0.007 0.016 0.685 0.685 0.317 0.317 0.081 0.081 1.631 -1.496 2.213 1.373 1.373 1.941 -1.037 1.950 2.209 -0.171 1.156 1.169 0.014 0.452 0.452 
49.000 24.683 25.934 0.891 -0.454 24.544 26.502 24.566 27.131 0.952 -0.026 -0.007 -0.006 0.685 0.685 0.316 0.316 0.081 0.081 0.042 1.185 1.186 1.372 1.372 1.941 -0.139 0.568 0.585 -0.117 1.197 1.203 0.061 0.428 0.433 
50.000 25.492 25.346 0.809 -0.588 24.378 24.798 24.984 26.025 0.768 -0.390 -0.026 -0.045 0.684 0.684 0.315 0.315 0.081 0.081 1.140 2.308 2.574 1.371 1.371 1.939 -1.114 -0.548 1.241 -0.508 0.679 0.848 -0.041 0.198 0.202 
51.000 26.199 24.639 0.707 -0.707 26.380 24.602 26.046 25.152 0.840 -0.595 -0.012 -0.058 0.684 0.684 0.315 0.315 0.081 0.081 -0.628 1.033 1.209 1.370 1.370 1.938 0.181 -0.037 0.185 -0.153 0.513 0.536 0.133 0.112 0.174 
52.000 26.787 23.830 0.588 -0.809 25.328 24.087 26.158 24.338 0.586 -0.726 -0.038 -0.061 0.683 0.683 0.314 0.314 0.081 0.081 1.557 0.470 1.627 1.370 1.370 1.937 -1.459 0.257 1.481 -0.629 0.508 0.808 -0.002 0.083 0.083 
53.000 27.241 22.939 0.454 -0.891 26.748 22.217 26.746 22.961 0.549 -1.002 -0.034 -0.079 0.683 0.683 0.314 0.314 0.081 0.081 -0.003 1.394 1.394 1.369 1.369 1.937 -0.493 -0.722 0.874 -0.495 0.022 0.495 0.095 -0.111 0.146 
54.000 27.550 21.988 0.309 -0.951 28.671 21.890 27.937 21.926 0.728 -1.092 -0.007 -0.072 0.683 0.683 0.315 0.315 0.081 0.081 -1.376 0.068 1.378 1.369 1.369 1.936 1.121 -0.098 1.125 0.387 -0.062 0.392 0.419 -0.141 0.442 
55.000 27.706 21.000 0.156 -0.988 27.413 20.288 28.081 20.580 0.527 -1.248 -0.028 -0.074 0.683 0.683 0.315 0.315 0.081 0.081 1.252 0.547 1.366 1.369 1.369 1.936 -0.293 -0.712 0.770 0.375 -0.420 0.563 0.371 -0.260 0.453 
56.000 27.706 20.000 0.000 -1.000 15.755 13.500 28.496 19.281 0.462 -1.339 -0.029 -0.069 0.931 0.931 0.378 0.378 0.084 0.084 12.853 5.832 14.114 1.369 1.369 1.936 -11.951 -6.500 13.604 0.790 -0.719 1.068 0.462 -0.339 0.573 
57.000 27.706 19.000 0.000 -1.000 28.032 19.897 28.390 19.141 0.259 -1.040 -0.044 -0.024 0.783 0.783 0.327 0.327 0.081 0.081 0.927 -1.955 2.163 1.608 1.608 2.274 0.326 0.897 0.954 0.684 0.141 0.699 0.259 -0.040 0.262 
58.000 27.706 18.000 0.000 -1.000 27.323 17.636 27.956 17.858 0.003 -1.138 -0.062 -0.029 0.723 0.723 0.315 0.315 0.081 0.081 1.326 0.465 1.405 1.448 1.448 2.048 -0.383 -0.364 0.528 0.250 -0.142 0.287 0.003 -0.138 0.138 
59.000 27.706 17.000 0.000 -1.000 28.642 18.093 28.290 17.386 0.045 -0.959 -0.044 -0.004 0.696 0.696 0.315 0.315 0.081 0.081 -0.683 -1.373 1.533 1.393 1.393 1.970 0.936 1.093 1.439 0.584 0.386 0.700 0.045 0.041 0.061 
60.000 27.706 16.000 0.000 -1.000 27.236 13.214 27.818 14.916 -0.166 -1.450 -0.058 -0.057 0.686 0.686 0.318 0.318 0.081 0.081 1.099 3.213 3.396 1.374 1.374 1.943 -0.470 -2.786 2.825 0.112 -1.084 1.089 -0.166 -0.450 0.480 
61.000 27.706 15.000 0.000 -1.000 29.309 16.462 28.425 14.864 0.031 -1.046 -0.024 -0.000 0.683 0.683 0.320 0.320 0.081 0.081 -1.657 -2.996 3.424 1.369 1.369 1.937 1.603 1.462 2.170 0.719 -0.136 0.732 0.031 -0.046 0.055 
62.000 27.706 14.000 0.000 -1.000 27.315 12.685 27.923 13.289 -0.171 -1.223 -0.042 -0.020 0.684 0.684 0.320 0.320 0.081 0.081 1.141 1.134 1.608 1.370 1.370 1.938 -0.391 -1.315 1.372 0.217 -0.711 0.744 -0.171 -0.223 0.281 
63.000 27.706 13.000 0.000 -1.000 28.197 13.649 27.960 12.808 -0.143 -0.994 -0.030 0.010 0.685 0.685 0.318 0.318 0.081 0.081 -0.446 -1.583 1.644 1.372 1.372 1.940 0.491 0.649 0.814 0.254 -0.192 0.319 -0.143 0.006 0.143 
64.000 27.706 12.000 0.000 -1.000 30.799 18.608 27.843 11.873 -0.164 -0.965 -0.026 0.011 0.936 0.936 0.382 0.382 0.084 0.084 -2.982 -6.794 7.420 1.372 1.372 1.941 3.093 6.608 7.296 0.137 -0.127 0.187 -0.164 0.035 0.168 
65.000 27.706 11.000 0.000 -1.000 28.777 11.139 28.356 11.051 0.019 -0.910 -0.002 0.014 0.785 0.785 0.328 0.328 0.081 0.081 -1.098 -0.230 1.122 1.614 1.614 2.283 1.071 0.139 1.080 0.650 0.051 0.652 0.019 0.090 0.092 
66.000 27.706 10.000 0.000 -1.000 28.580 8.976 28.482 9.530 0.050 -1.082 0.002 -0.006 0.724 0.724 0.315 0.315 0.081 0.081 -0.206 1.165 1.183 1.450 1.450 2.051 0.874 -1.024 1.346 0.776 -0.470 0.908 0.050 -0.082 0.096 
67.000 27.706 9.000 0.000 -1.000 29.650 8.525 29.075 8.485 0.221 -1.076 0.020 -0.004 0.697 0.697 0.315 0.315 0.081 0.081 -1.118 -0.077 1.121 1.394 1.394 1.972 1.944 -0.475 2.001 1.369 -0.515 1.462 0.221 -0.076 0.234 
68.000 27.706 8.000 0.000 -1.000 24.750 8.668 27.157 8.001 -0.449 -0.890 -0.058 0.017 0.686 0.686 0.318 0.318 0.081 0.081 4.546 -1.259 4.717 1.374 1.374 1.943 -2.956 0.668 3.031 -0.549 0.001 0.549 -0.449 0.110 0.463 
69.000 27.706 7.000 0.000 -1.000 26.251 7.666 26.495 7.370 -0.578 -0.787 -0.060 0.025 0.683 0.683 0.320 0.320 0.081 0.081 0.457 -0.554 0.718 1.369 1.369 1.937 -1.455 0.666 1.600 -1.211 0.370 1.267 -0.578 0.213 0.616 
70.000 27.706 6.000 0.000 -1.000 27.522 5.152 26.667 5.915 -0.388 -0.986 -0.026 -0.003 0.684 0.684 0.320 0.320 0.081 0.081 -1.605 1.431 2.151 1.370 1.370 1.938 -0.184 -0.848 0.868 -1.039 -0.085 1.043 -0.388 0.014 0.388 
71.000 27.706 5.000 0.000 -1.000 28.622 5.652 27.377 5.268 -0.046 -0.875 0.017 0.010 0.685 0.685 0.318 0.318 0.081 0.081 -2.343 -0.723 2.452 1.372 1.372 1.940 0.916 0.652 1.124 -0.329 0.268 0.424 -0.046 0.125 0.134 
72.000 27.550 4.012 -0.156 -0.988 23.765 1.491 25.658 3.031 -0.588 -1.319 -0.046 -0.041 0.685 0.685 0.317 0.317 0.081 0.081 3.566 2.902 4.597 1.373 1.373 1.941 -3.785 -2.521 4.548 -1.892 -0.981 2.131 -0.432 -0.331 0.544 
73.000 27.241 3.061 -0.309 -0.951 28.273 2.867 26.572 2.254 -0.135 -1.180 0.014 -0.017 0.685 0.685 0.316 0.316 0.081 0.081 -3.203 -1.155 3.405 1.372 1.372 1.941 1.032 -0.194 1.050 -0.669 -0.807 1.048 0.174 -0.229 0.288 
74.000 26.787 2.170 -0.454 -0.891 27.491 1.341 26.931 1.199 0.043 -1.156 0.030 -0.011 0.684 0.684 0.315 0.315 0.081 0.081 -1.054 -0.267 1.087 1.371 1.371 1.939 0.704 -0.829 1.088 0.144 -0.971 0.982 0.497 -0.265 0.563 
75.000 26.199 1.361 -0.588 -0.809 25.366 0.865 26.222 0.428 -0.176 -1.039 -0.000 0.004 0.684 0.684 0.315 0.315 0.081 0.081 1.607 -0.822 1.805 1.370 1.370 1.938 -0.833 -0.496 0.969 0.023 -0.933 0.934 0.412 -0.230 0.472 
76.000 25.492 0.654 -0.707 -0.707 24.986 0.696 25.551 -0.001 -0.340 -0.832 -0.019 0.027 0.683 0.683 0.314 0.314 0.081 0.081 1.060 -1.308 1.683 1.370 1.370 1.937 -0.506 0.042 0.508 0.059 -0.655 0.658 0.367 -0.125 0.388 
77.000 24.683 0.066 -0.809 -0.588 25.717 -1.467 25.447 -1.129 -0.281 -0.904 -0.008 0.013 0.683 0.683 0.314 0.314 0.081 0.081 -0.506 0.634 0.811 1.369 1.369 1.937 1.034 -1.533 1.849 0.764 -1.195 1.418 0.528 -0.316 0.616 
78.000 23.792 -0.388 -0.891 -0.454 23.725 0.219 24.494 -0.982 -0.511 -0.543 -0.032 0.051 0.683 0.683 0.315 0.315 0.081 0.081 1.441 -2.252 2.674 1.369 1.369 1.936 -0.067 0.607 0.611 0.702 -0.594 0.920 0.380 -0.089 0.390 
79.000 22.841 -0.697 -0.951 -0.309 22.994 -0.115 23.521 -0.867 -0.696 -0.274 -0.046 0.070 0.683 0.683 0.315 0.315 0.081 0.081 0.988 -1.410 1.722 1.369 1.369 1.936 0.153 0.582 0.602 0.680 -0.170 0.701 0.255 0.035 0.257 
80.000 21.853 -0.853 -0.988 -0.156 24.760 -3.943 23.728 -2.449 -0.443 -0.638 -0.008 0.014 0.683 0.683 0.315 0.315 0.081 0.081 -1.935 2.802 3.405 1.369 1.369 1.936 2.907 -3.090 4.242 1.875 -1.596 2.462 0.545 -0.482 0.727 
81.000 20.853 -0.853 -1.000 0.000 19.755 1.569 23.254 -3.046 -0.461 -0.610 -0.008 0.014 0.931 0.931 0.378 0.378 0.084 0.084 3.530 -4.655 5.842 1.369 1.369 1.937 -1.098 2.422 2.659 2.401 -2.193 3.252 0.539 -0.610 0.814 
82.000 19.853 -0.853 -1.000 0.000 21.078 0.186 21.741 -1.300 -0.792 0.128 -0.041 0.088 0.783 0.783 0.326 0.326 0.081 0.081 1.715 -3.842 4.207 1.608 1.608 2.274 1.225 1.039 1.606 1.888 -0.447 1.941 0.208 0.128 0.244 
83.000 18.853 -0.853 -1.000 0.000 20.188 -0.164 20.551 -0.645 -0.954 0.376 -0.049 0.096 0.723 0.723 0.315 0.315 0.081 0.081 0.761 -1.008 1.263 1.448 1.448 2.048 1.335 0.689 1.502 1.698 0.208 1.711 0.046 0.376 0.379 
84.000 17.853 -0.853 -1.000 0.000 17.900 -2.238 18.774 -1.223 -1.261 0.173 -0.072 0.054 0.696 0.696 0.315 0.315 0.081 0.081 1.697 1.969 2.600 1.393 1.393 1.970 0.047 -1.385 1.386 0.921 -0.370 0.993 -0.261 0.173 0.313 
85.000 16.853 -0.853 -1.000 0.000 19.082 -1.141 18.251 -1.093 -1.095 0.213 -0.039 0.047 0.686 0.686 0.318 0.318 0.081 0.081 -1.568 0.091 1.571 1.374 1.374 1.943 2.229 -0.288 2.248 1.398 -0.240 1.418 -0.095 0.213 0.233 
86.000 15.853 -0.853 -1.000 0.000 12.468 -1.637 14.969 -1.233 -1.856 0.143 -0.115 0.029 0.683 0.683 0.320 0.320 0.081 0.081 4.689 0.757 4.749 1.369 1.369 1.936 -3.385 -0.784 3.475 -0.884 -0.380 0.963 -0.856 0.143 0.868 
87.000 14.853 -0.853 -1.000 0.000 14.101 -1.133 13.574 -1.110 -1.817 0.166 -0.087 0.026 0.684 0.684 0.320 0.320 0.081 0.081 -0.989 0.043 0.990 1.370 1.370 1.938 -0.752 -0.280 0.802 -1.279 -0.257 1.304 -0.817 0.166 0.834 
88.000 13.853 -0.853 -1.000 0.000 14.448 -1.825 13.018 -1.357 -1.482 0.053 -0.031 0.008 0.685 0.685 0.318 0.318 0.081 0.081 -2.691 0.881 2.831 1.372 1.372 1.940 0.595 -0.972 1.140 -0.835 -0.504 0.975 -0.482 0.053 0.485 
89.000 12.853 -0.853 -1.000 0.000 12.093 -0.565 11.797 -0.957 -1.426 0.176 -0.018 0.020 0.685 0.685 0.317 0.317 0.081 0.081 -0.557 -0.739 0.925 1.372 1.372 1.941 -0.760 0.288 0.813 -1.056 -0.104 1.061 -0.426 0.176 0.461 
90.000 11.853 -0.853 -1.000 0.000 12.546 -1.795 11.391 -1.256 -1.105 0.038 0.021 0.000 0.685 0.685 0.316 0.316 0.081 0.081 -2.174 1.014 2.399 1.372 1.372 1.940 0.693 -0.942 1.169 -0.462 -0.403 0.613 -0.105 0.038 0.112 
91.000 10.853 -0.853 -1.000 0.000 11.243 -0.158 10.734 -0.722 -0.935 0.203 0.036 0.018 0.684 0.684 0.315 0.315 0.081 0.081 -0.957 -1.060 1.428 1.371 1.371 1.939 0.390 0.695 0.797 -0.119 0.131 0.177 0.065 0.203 0.213 
92.000 9.853 -0.853 -1.000 0.000 9.514 0.580 9.666 -0.005 -0.944 0.391 0.027 0.036 0.684 0.684 0.314 0.314 0.081 0.081 0.285 -1.099 1.136 1.370 1.370 1.938 -0.339 1.433 1.473 -0.187 0.848 0.868 0.056 0.391 0.395 
93.000 8.853 -0.853 -1.000 0.000 9.391 -0.133 9.034 0.144 -0.813 0.347 0.036 0.023 0.683 0.683 0.314 0.314 0.081 0.081 -0.669 0.519 0.847 1.370 1.370 1.937 0.538 0.720 0.899 0.181 0.997 1.013 0.187 0.347 0.394 
94.000 7.853 -0.853 -1.000 0.000 8.459 1.186 8.332 0.815 -0.741 0.477 0.036 0.033 0.683 0.683 0.314 0.314 0.081 0.081 -0.238 -0.696 0.735 1.369 1.369 1.937 0.606 2.039 2.127 0.479 1.668 1.735 0.259 0.477 0.543 
95.000 6.853 -0.853 -1.000 0.000 8.628 -1.333 8.075 0.067 -0.544 0.104 0.051 -0.016 0.683 0.683 0.315 0.315 0.081 0.081 -1.037 2.625 2.822 1.369 1.369 1.936 1.775 -0.480 1.839 1.222 0.920 1.530 0.456 0.104 0.468 
96.000 5.853 -0.853 -1.000 0.000 -6.754 -4.563 7.407 0.130 -0.534 0.074 0.041 -0.016 0.931 0.931 0.378 0.378 0.084 0.084 14.285 4.734 15.049 1.369 1.369 1.936 -12.607 -3.710 13.142 1.554 0.983 1.839 0.466 0.074 0.472 
97.000 4.853 -0.853 -1.000 0.000 5.233 -0.260 5.867 -0.080 -0.802 -0.029 0.005 -0.023 0.783 0.783 0.327 0.327 0.081 0.081 1.640 0.465 1.704 1.608 1.608 2.274 0.380 0.593 0.704 1.014 0.773 1.275 0.198 -0.029 0.200 
98.000 3.853 -0.853 -1.000 0.000 4.550 -1.337 4.796 -0.751 -0.879 -0.248 -0.004 -0.041 0.723 0.723 0.315 0.315 0.081 0.081 0.515 1.228 1.332 1.448 1.448 2.048 0.697 -0.484 0.849 0.943 0.102 0.948 0.121 -0.248 0.276 
99.000 2.853 -0.853 -1.000 0.000 2.739 -2.660 3.346 -1.804 -1.062 -0.541 -0.023 -0.064 0.696 0.696 0.315 0.315 0.081 0.081 1.178 1.661 2.036 1.393 1.393 1.970 -0.114 -1.807 1.811 0.493 -0.951 1.071 -0.062 -0.541 0.544 
