0.000 0.000 0.000 0.000 0.000 -1.392 0.204 -1.392 0.204 -0.014 0.002 0.000 0.000 0.100 0.100 3.147 3.147 0.902 0.902 1.392 -0.204 1.407 30.147 30.147 42.634 -1.392 0.204 1.407 -1.392 0.204 1.407 -0.014 0.002 0.014 
1.000 0.000 1.000 0.000 1.000 -1.045 3.279 -1.045 3.276 0.379 3.347 0.029 0.249 0.100 0.100 0.869 0.869 0.772 0.772 -0.361 -3.073 3.094 3.150 3.150 4.455 -1.045 2.279 2.507 -1.045 2.276 2.504 0.379 2.347 2.377 
2.000 0.000 2.000 0.000 1.000 -0.858 2.385 -0.856 2.438 0.064 -4.026 -0.117 -2.946 0.099 0.099 0.324 0.324 0.195 0.195 0.192 4.238 4.242 0.893 0.893 1.263 -0.858 0.385 0.940 -0.856 0.438 0.961 0.064 -5.026 5.027 
3.000 0.000 3.000 0.000 1.000 -1.099 2.683 -1.080 2.418 -0.426 -1.786 -0.221 -1.044 0.097 0.097 0.189 0.189 0.099 0.099 0.307 -4.271 4.282 0.401 0.401 0.568 -1.099 -0.317 1.144 -1.080 -0.582 1.227 -0.426 -2.786 2.818 
4.000 0.000 4.000 0.000 1.000 0.538 4.152 0.280 3.708 1.210 0.369 0.249 -0.168 0.093 0.093 0.145 0.145 0.077 0.077 -2.044 -3.520 4.070 0.281 0.281 0.398 0.538 0.152 0.559 0.280 -0.292 0.405 1.210 -0.631 1.365 
5.000 0.000 5.000 0.000 1.000 -1.065 4.564 -0.624 4.480 -0.539 0.582 -0.181 -0.074 0.091 0.091 0.132 0.132 0.072 0.072 2.556 -0.487 2.602 0.241 0.241 0.340 -1.065 -0.436 1.151 -0.624 -0.520 0.812 -0.539 -0.418 0.682 
6.000 0.000 6.000 0.000 1.000 -1.011 4.570 -1.040 4.666 -0.607 0.142 -0.142 -0.135 0.090 0.090 0.130 0.130 0.071 0.071 -0.152 0.492 0.515 0.227 0.227 0.321 -1.011 -1.430 1.751 -1.040 -1.334 1.692 -0.607 -0.858 1.052 
7.000 0.000 7.000 0.000 1.000 -0.157 9.360 -0.456 8.447 0.350 3.365 0.072 0.489 0.089 0.089 0.130 0.130 0.070 0.070 -1.491 -4.553 4.791 0.223 0.223 0.316 -0.157 2.360 2.365 -0.456 1.447 1.517 0.350 2.365 2.391 
8.000 0.000 8.000 0.000 1.000 -1.584 6.504 -1.286 7.575 -0.667 -0.056 -0.132 -0.265 0.089 0.089 0.130 0.130 0.070 0.070 1.478 5.308 5.510 0.223 0.223 0.315 -1.584 -1.496 2.179 -1.286 -0.425 1.354 -0.667 -1.056 1.249 
9.000 0.000 9.000 0.000 1.000 0.799 8.386 0.243 8.211 1.228 0.317 0.246 -0.124 0.089 0.089 0.130 0.130 0.070 0.070 -2.751 -0.867 2.885 0.223 0.223 0.315 0.799 -0.614 1.008 0.243 -0.789 0.826 1.228 -0.683 1.405 
10.000 0.000 10.000 0.000 1.000 -1.208 9.839 -0.667 9.574 -0.499 1.159 -0.133 0.062 0.089 0.089 0.130 0.130 0.070 0.070 2.679 -1.311 2.983 0.223 0.223 0.315 -1.208 -0.161 1.219 -0.667 -0.426 0.791 -0.499 0.159 0.523 
11.000 0.000 11.000 0.000 1.000 0.785 9.523 0.391 9.767 0.804 0.330 0.138 -0.104 0.089 0.089 0.130 0.130 0.070 0.070 -1.950 1.210 2.295 0.223 0.223 0.315 0.785 -1.477 1.673 0.391 -1.233 1.293 0.804 -0.670 1.047 
12.000 0.000 12.000 0.000 1.000 1.226 12.342 1.220 11.889 0.965 1.878 0.129 0.203 0.089 0.089 0.130 0.130 0.070 0.070 -0.031 -2.244 2.245 0.222 0.222 0.315 1.226 0.342 1.273 1.220 -0.111 1.225 0.965 0.878 1.305 
13.000 0.000 13.000 0.000 1.000 -0.880 13.535 -0.261 13.582 -1.162 1.911 -0.290 0.152 0.089 0.089 0.130 0.130 0.070 0.070 3.065 0.232 3.074 0.222 0.222 0.315 -0.880 0.535 1.030 -0.261 0.582 0.638 -1.162 0.911 1.477 
14.000 0.000 14.000 0.000 1.000 -2.088 14.557 -1.954 14.746 -1.942 1.374 -0.349 0.013 0.089 0.089 0.130 0.130 0.070 0.070 0.665 0.936 1.148 0.222 0.222 0.315 -2.088 0.557 2.161 -1.954 0.746 2.091 -1.942 0.374 1.978 
15.000 0.000 15.000 0.000 1.000 1.510 15.147 0.418 15.344 1.688 0.671 0.401 -0.117 0.089 0.089 0.130 0.130 0.070 0.070 -5.405 0.973 5.492 0.222 0.222 0.315 1.510 0.147 1.517 0.418 0.344 0.541 1.688 -0.329 1.720 
16.000 0.000 16.000 0.000 1.000 3.918 18.766 3.552 18.210 3.423 2.579 0.601 0.259 0.089 0.089 0.130 0.130 0.070 0.070 -1.812 -2.751 3.294 0.222 0.222 0.315 3.918 2.766 4.796 3.552 2.210 4.183 3.423 1.579 3.770 
17.000 0.000 17.000 0.000 1.000 -0.812 17.072 0.761 17.823 -1.708 0.102 -0.490 -0.259 0.089 0.089 0.130 0.130 0.070 0.070 7.787 3.718 8.629 0.222 0.222 0.315 -0.812 0.072 0.815 0.761 0.823 1.121 -1.708 -0.898 1.930 
18.000 0.000 18.000 0.000 1.000 -1.926 16.171 -1.728 16.525 -2.919 -1.448 -0.570 -0.465 0.089 0.089 0.130 0.130 0.070 0.070 0.979 1.754 2.009 0.222 0.222 0.315 -1.926 -1.829 2.656 -1.728 -1.475 2.272 -2.919 -2.448 3.810 
19.000 0.000 19.000 0.000 1.000 -0.891 19.736 -1.650 18.795 -0.724 1.516 -0.016 0.198 0.089 0.089 0.130 0.130 0.070 0.070 -3.756 -4.659 5.984 0.222 0.222 0.315 -0.891 0.736 1.156 -1.650 -0.205 1.663 -0.724 0.516 0.889 
20.000 0.000 20.000 0.000 1.000 -0.794 20.753 -1.113 20.664 0.423 2.039 0.195 0.237 0.089 0.089 0.130 0.130 0.070 0.070 -1.580 -0.442 1.641 0.222 0.222 0.315 -0.794 0.753 1.094 -1.113 0.664 1.296 0.423 1.039 1.122 
21.000 0.000 21.000 0.000 1.000 1.213 19.185 0.828 19.896 2.018 -0.314 0.427 -0.253 0.089 0.089 0.130 0.130 0.070 0.070 -1.904 3.518 4.000 0.222 0.222 0.315 1.213 -1.815 2.183 0.828 -1.104 1.380 2.018 -1.314 2.408 
22.000 0.156 21.988 0.156 0.988 1.109 21.185 1.460 20.861 1.166 0.614 0.154 -0.015 0.089 0.089 0.130 0.130 0.070 0.070 1.738 -1.603 2.364 0.222 0.222 0.315 0.953 -0.803 1.246 1.304 -1.127 1.723 1.010 -0.374 1.077 
23.000 0.465 22.939 0.309 0.951 0.306 22.597 0.775 22.370 -0.387 1.424 -0.168 0.135 0.089 0.089 0.130 0.130 0.070 0.070 2.320 -1.122 2.577 0.222 0.222 0.315 -0.159 -0.342 0.377 0.310 -0.569 0.648 -0.696 0.473 0.842 
24.000 0.919 23.830 0.454 0.891 4.045 18.862 3.306 19.859 2.137 -2.072 0.333 -0.532 0.089 0.089 0.130 0.130 0.070 0.070 -3.658 4.933 6.141 0.222 0.222 0.315 3.126 -4.968 5.870 2.387 -3.971 4.634 1.683 -2.963 3.407 
25.000 1.507 24.639 0.588 0.809 2.410 27.251 3.023 25.339 0.237 4.363 -0.102 0.774 0.089 0.089 0.130 0.130 0.070 0.070 3.033 -9.464 9.938 0.222 0.222 0.315 0.903 2.612 2.764 1.516 0.700 1.670 -0.351 3.554 3.572 
26.000 2.214 25.346 0.707 0.707 1.367 26.248 1.749 26.946 -1.258 2.595 -0.342 0.240 0.089 0.089 0.130 0.130 0.070 0.070 1.893 3.454 3.939 0.222 0.222 0.315 -0.847 0.902 1.237 -0.465 1.600 1.666 -1.965 1.888 2.725 
27.000 3.023 25.934 0.809 0.588 2.450 26.607 2.054 27.200 -0.159 0.675 -0.049 -0.173 0.089 0.089 0.130 0.130 0.070 0.070 -1.959 2.934 3.528 0.222 0.222 0.315 -0.573 0.673 0.884 -0.969 1.266 1.594 -0.968 0.087 0.971 
28.000 3.914 26.388 0.891 0.454 2.778 26.450 2.600 26.738 0.442 -0.546 0.073 -0.344 0.089 0.089 0.130 0.130 0.070 0.070 -0.882 1.425 1.676 0.222 0.222 0.315 -1.136 0.062 1.138 -1.314 0.350 1.360 -0.449 -1.000 1.097 
29.000 4.865 26.697 0.951 0.309 5.267 25.785 4.817 25.867 2.153 -1.190 0.360 -0.363 0.089 0.089 0.130 0.130 0.070 0.070 -2.225 0.406 2.262 0.222 0.222 0.315 0.402 -0.912 0.997 -0.048 -0.830 0.831 1.202 -1.499 1.921 
30.000 5.853 26.853 0.988 0.156 5.777 26.740 6.018 26.323 1.635 -0.035 0.166 -0.054 0.089 0.089 0.130 0.130 0.070 0.070 1.193 -2.062 2.383 0.222 0.222 0.315 -0.076 -0.113 0.136 0.165 -0.530 0.555 0.647 -0.191 0.674 
31.000 6.853 26.853 1.000 0.000 6.743 24.839 6.927 25.132 1.131 -1.156 0.029 -0.241 0.089 0.089 0.130 0.130 0.070 0.070 0.910 1.450 1.711 0.222 0.222 0.315 -0.110 -2.014 2.017 0.074 -1.721 1.723 0.131 -1.156 1.163 
32.000 7.853 26.853 1.000 0.000 11.939 31.791 11.155 30.212 4.017 4.356 0.540 0.818 0.089 0.089 0.130 0.130 0.070 0.070 -3.881 -7.815 8.726 0.222 0.222 0.315 4.086 4.938 6.409 3.302 3.359 4.710 3.017 4.356 5.299 
33.000 8.853 26.853 1.000 0.000 7.807 26.836 9.295 28.398 -0.864 -0.518 -0.489 -0.287 0.089 0.089 0.130 0.130 0.070 0.070 7.365 7.733 10.679 0.222 0.222 0.315 -1.046 -0.017 1.046 0.442 1.545 1.607 -1.864 -0.518 1.935 
34.000 9.853 26.853 1.000 0.000 9.671 27.218 9.420 27.352 -0.440 -1.293 -0.276 -0.346 0.089 0.089 0.130 0.130 0.070 0.070 -1.241 0.663 1.406 0.222 0.222 0.315 -0.182 0.365 0.408 -0.433 0.499 0.660 -1.440 -1.293 1.935 
35.000 10.853 26.853 1.000 0.000 10.397 27.954 10.111 27.571 0.327 -0.244 -0.061 -0.061 0.089 0.089 0.130 0.130 0.070 0.070 -1.417 -1.895 2.366 0.222 0.222 0.315 -0.456 1.101 1.192 -0.742 0.718 1.033 -0.673 -0.244 0.716 
36.000 11.853 26.853 1.000 0.000 12.352 27.417 11.965 27.399 1.675 -0.239 0.199 -0.043 0.089 0.089 0.130 0.130 0.070 0.070 -1.914 -0.090 1.916 0.222 0.222 0.315 0.499 0.564 0.753 0.112 0.546 0.557 0.675 -0.239 0.716 
37.000 12.853 26.853 1.000 0.000 12.589 28.074 12.801 27.889 1.100 0.391 0.040 0.082 0.089 0.089 0.130 0.130 0.070 0.070 1.052 -0.914 1.393 0.222 0.222 0.315 -0.264 1.221 1.249 -0.052 1.036 1.038 0.100 0.391 0.404 
38.000 13.853 26.853 1.000 0.000 14.310 27.960 14.227 28.025 1.440 0.238 0.090 0.032 0.089 0.089 0.130 0.130 0.070 0.070 -0.409 0.321 0.519 0.222 0.222 0.315 0.457 1.107 1.198 0.374 1.172 1.230 0.440 0.238 0.500 
39.000 14.853 26.853 1.000 0.000 12.387 24.827 13.050 25.521 -0.885 -2.259 -0.353 -0.426 0.089 0.089 0.130 0.130 0.070 0.070 3.281 3.435 4.750 0.222 0.222 0.315 -2.466 -2.026 3.192 -1.803 -1.332 2.242 -1.885 -2.259 2.942 
40.000 15.853 26.853 1.000 0.000 16.360 16.867 15.512 18.159 1.850 -7.393 0.237 -1.230 0.089 0.089 0.130 0.130 0.070 0.070 -4.195 6.395 7.648 0.222 0.222 0.315 0.507 -9.986 9.999 -0.341 -8.694 8.701 0.850 -7.393 7.441 
41.000 16.853 26.853 1.000 0.000 18.567 27.281 18.324 23.944 2.974 3.534 0.373 1.079 0.089 0.089 0.130 0.130 0.070 0.070 -1.205 -16.515 16.559 0.222 0.222 0.315 1.714 0.428 1.767 1.471 -2.909 3.259 1.974 3.534 4.048 
42.000 17.853 26.853 1.000 0.000 17.204 27.692 18.031 27.649 0.333 4.770 -0.206 0.999 0.089 0.089 0.130 0.130 0.070 0.070 4.093 -0.213 4.099 0.222 0.222 0.315 -0.649 0.839 1.061 0.178 0.796 0.816 -0.667 4.770 4.817 
43.000 18.853 26.853 1.000 0.000 17.924 26.501 18.013 27.697 -0.197 1.413 -0.244 0.116 0.089 0.089 0.130 0.130 0.070 0.070 0.440 5.918 5.935 0.222 0.222 0.315 -0.929 -0.352 0.993 -0.840 0.844 1.191 -1.197 1.413 1.852 
44.000 19.853 26.853 1.000 0.000 20.773 27.993 20.176 28.219 1.736 0.707 0.172 -0.043 0.089 0.089 0.130 0.130 0.070 0.070 -2.957 1.117 3.161 0.222 0.222 0.315 0.920 1.140 1.465 0.323 1.366 1.403 0.736 0.707 1.021 
45.000 20.853 26.853 1.000 0.000 18.797 26.605 19.426 27.074 -0.385 -1.045 -0.258 -0.346 0.089 0.089 0.130 0.130 0.070 0.070 3.114 2.321 3.884 0.222 0.222 0.315 -2.056 -0.248 2.071 -1.427 0.221 1.444 -1.385 -1.045 1.735 
46.000 21.853 26.853 1.000 0.000 22.267 28.117 21.615 27.695 1.732 0.146 0.195 -0.035 0.089 0.089 0.130 0.130 0.070 0.070 -3.226 -2.088 3.842 0.222 0.222 0.315 0.414 1.264 1.330 -0.238 0.842 0.875 0.732 0.146 0.747 
47.000 22.841 26.697 0.988 -0.156 24.035 26.047 23.896 26.409 2.433 -1.210 0.267 -0.269 0.089 0.089 0.130 0.130 0.070 0.070 -0.688 1.794 1.921 0.222 0.222 0.315 1.194 -0.650 1.359 1.055 -0.288 1.094 1.445 -1.054 1.789 
48.000 23.792 26.388 0.951 -0.309 22.755 28.338 23.477 27.704 0.069 0.831 -0.233 0.173 0.089 0.089 0.130 0.130 0.070 0.070 3.575 -3.139 4.757 0.222 0.222 0.315 -1.037 1.950 2.209 -0.315 1.316 1.353 -0.882 1.140 1.442 
49.000 24.683 25.934 0.891 -0.454 24.544 26.502 24.342 26.913 0.570 -0.492 -0.078 -0.113 0.089 0.089 0.130 0.130 0.070 0.070 -0.998 2.033 2.265 0.222 0.222 0.315 -0.139 0.568 0.585 -0.341 0.979 1.036 -0.321 -0.038 0.323 
50.000 25.492 25.346 0.809 -0.588 24.378 24.798 24.486 25.126 0.099 -1.800 -0.141 -0.317 0.089 0.089 0.130 0.130 0.070 0.070 0.535 1.622 1.708 0.222 0.222 0.315 -1.114 -0.548 1.241 -1.006 -0.220 1.030 -0.710 -1.212 1.405 
51.000 26.199 24.639 0.707 -0.707 26.380 24.602 26.017 24.344 1.280 -1.177 0.111 -0.116 0.089 0.089 0.130 0.130 0.070 0.070 -1.795 -1.276 2.202 0.222 0.222 0.315 0.181 -0.037 0.185 -0.182 -0.295 0.346 0.573 -0.470 0.741 
52.000 26.787 23.830 0.588 -0.809 25.328 24.087 25.726 23.901 -0.059 -0.616 -0.161 0.017 0.089 0.089 0.130 0.130 0.070 0.070 1.969 -0.920 2.173 0.222 0.222 0.315 -1.459 0.257 1.481 -1.061 0.071 1.064 -0.647 0.193 0.675 
53.000 27.241 22.939 0.454 -0.891 26.748 22.217 26.530 22.433 0.576 -1.385 -0.002 -0.126 0.089 0.089 0.130 0.130 0.070 0.070 -1.081 1.068 1.520 0.222 0.222 0.315 -0.493 -0.722 0.874 -0.711 -0.506 0.873 0.122 -0.494 0.509 
54.000 27.550 21.988 0.309 -0.951 28.671 21.890 28.355 21.720 1.727 -0.891 0.206 -0.002 0.089 0.089 0.130 0.130 0.070 0.070 -1.565 -0.842 1.777 0.222 0.222 0.315 1.121 -0.098 1.125 0.805 -0.268 0.848 1.418 0.060 1.419 
55.000 27.706 21.000 0.156 -0.988 27.413 20.288 27.952 20.397 -0.032 -1.291 -0.168 -0.073 0.089 0.089 0.130 0.130 0.070 0.070 2.669 0.541 2.723 0.222 0.222 0.315 -0.293 -0.712 0.770 0.246 -0.603 0.651 -0.188 -0.303 0.356 
56.000 27.706 20.000 0.000 -1.000 15.755 13.500 18.213 14.633 -9.155 -5.491 -1.762 -0.808 0.089 0.089 0.130 0.130 0.070 0.070 12.165 5.606 13.395 0.222 0.222 0.315 -11.951 -6.500 13.604 -9.493 -5.367 10.905 -9.155 -4.491 10.197 
57.000 27.706 19.000 0.000 -1.000 28.032 19.897 24.199 17.724 3.051 1.618 0.926 0.696 0.089 0.089 0.130 0.130 0.070 0.070 -18.974 -10.755 21.811 0.222 0.222 0.315 0.326 0.897 0.954 -3.507 -1.276 3.732 3.051 2.618 4.020 
58.000 27.706 18.000 0.000 -1.000 27.323 17.636 27.308 17.981 4.031 1.059 0.843 0.401 0.089 0.089 0.130 0.130 0.070 0.070 -0.074 1.706 1.708 0.222 0.222 0.315 -0.383 -0.364 0.528 -0.398 -0.019 0.398 4.031 2.059 4.526 
59.000 27.706 17.000 0.000 -1.000 28.642 18.093 29.187 18.284 2.889 0.763 0.402 0.236 0.089 0.089 0.130 0.130 0.070 0.070 2.697 0.946 2.859 0.222 0.222 0.315 0.936 1.093 1.439 1.481 1.284 1.960 2.889 1.763 3.384 
60.000 27.706 16.000 0.000 -1.000 27.236 13.214 28.214 14.392 -0.272 -3.295 -0.279 -0.560 0.089 0.089 0.130 0.130 0.070 0.070 4.840 5.833 7.580 0.222 0.222 0.315 -0.470 -2.786 2.825 0.508 -1.608 1.686 -0.272 -2.295 2.311 
61.000 27.706 15.000 0.000 -1.000 29.309 16.462 29.033 15.378 0.456 0.094 -0.070 0.206 0.089 0.089 0.130 0.130 0.070 0.070 -1.367 -5.365 5.536 0.222 0.222 0.315 1.603 1.462 2.170 1.327 0.378 1.380 0.456 1.094 1.185 
62.000 27.706 14.000 0.000 -1.000 27.315 12.685 27.754 13.248 -1.214 -1.752 -0.351 -0.183 0.089 0.089 0.130 0.130 0.070 0.070 2.173 2.787 3.534 0.222 0.222 0.315 -0.391 -1.315 1.372 0.048 -0.752 0.753 -1.214 -0.752 1.428 
63.000 27.706 13.000 0.000 -1.000 28.197 13.649 27.862 13.214 -0.345 -0.351 -0.096 0.120 0.089 0.089 0.130 0.130 0.070 0.070 -1.657 -2.153 2.717 0.222 0.222 0.315 0.491 0.649 0.814 0.156 0.214 0.265 -0.345 0.649 0.735 
64.000 27.706 12.000 0.000 -1.000 30.799 18.608 30.136 17.447 1.975 3.998 0.348 0.868 0.089 0.089 0.130 0.130 0.070 0.070 -3.282 -5.744 6.616 0.222 0.222 0.315 3.093 6.608 7.296 2.430 5.447 5.965 1.975 4.998 5.374 
65.000 27.706 11.000 0.000 -1.000 28.777 11.139 29.450 13.221 -0.132 -2.721 -0.128 -0.583 0.089 0.089 0.130 0.130 0.070 0.070 3.333 10.306 10.832 0.222 0.222 0.315 1.071 0.139 1.080 1.744 2.221 2.824 -0.132 -1.721 1.726 
66.000 27.706 10.000 0.000 -1.000 28.580 8.976 28.729 9.284 -0.804 -4.426 -0.213 -0.726 0.089 0.089 0.130 0.130 0.070 0.070 0.739 1.525 1.694 0.222 0.222 0.315 0.874 -1.024 1.346 1.023 -0.716 1.249 -0.804 -3.426 3.519 
67.000 27.706 9.000 0.000 -1.000 29.650 8.525 29.302 7.784 0.252 -2.453 0.036 -0.168 0.089 0.089 0.130 0.130 0.070 0.070 -1.724 -3.667 4.052 0.222 0.222 0.315 1.944 -0.475 2.001 1.596 -1.216 2.006 0.252 -1.453 1.475 
68.000 27.706 8.000 0.000 -1.000 24.750 8.668 25.721 7.994 -3.248 -0.165 -0.603 0.290 0.089 0.089 0.130 0.130 0.070 0.070 4.804 -3.337 5.849 0.222 0.222 0.315 -2.956 0.668 3.031 -1.985 -0.006 1.985 -3.248 0.835 3.353 
69.000 27.706 7.000 0.000 -1.000 26.251 7.666 25.488 7.699 -1.070 0.005 -0.043 0.240 0.089 0.089 0.130 0.130 0.070 0.070 -3.778 0.163 3.782 0.222 0.222 0.315 -1.455 0.666 1.600 -2.218 0.699 2.326 -1.070 1.005 1.468 
70.000 27.706 6.000 0.000 -1.000 27.522 5.152 26.895 5.668 1.172 -1.634 0.372 -0.122 0.089 0.089 0.130 0.130 0.070 0.070 -3.104 2.552 4.018 0.222 0.222 0.315 -0.184 -0.848 0.868 -0.811 -0.332 0.877 1.172 -0.634 1.333 
71.000 27.706 5.000 0.000 -1.000 28.622 5.652 28.510 5.325 1.953 -0.565 0.409 0.104 0.089 0.089 0.130 0.130 0.070 0.070 -0.555 -1.618 1.711 0.222 0.222 0.315 0.916 0.652 1.124 0.804 0.325 0.867 1.953 0.435 2.001 
72.000 27.550 4.012 -0.156 -0.988 23.765 1.491 25.118 2.151 -2.569 -2.867 -0.519 -0.339 0.089 0.089 0.130 0.130 0.070 0.070 6.698 3.269 7.453 0.222 0.222 0.315 -3.785 -2.521 4.548 -2.432 -1.861 3.062 -2.413 -1.879 3.058 
73.000 27.241 3.061 -0.309 -0.951 28.273 2.867 27.117 2.143 1.126 -0.569 0.291 0.169 0.089 0.089 0.130 0.130 0.070 0.070 -5.724 -3.583 6.753 0.222 0.222 0.315 1.032 -0.194 1.050 -0.124 -0.918 0.926 1.435 0.382 1.485 
74.000 26.787 2.170 -0.454 -0.891 27.491 1.341 27.643 1.388 0.863 -0.571 0.162 0.121 0.089 0.089 0.130 0.130 0.070 0.070 0.751 0.233 0.787 0.222 0.222 0.315 0.704 -0.829 1.088 0.856 -0.782 1.159 1.317 0.320 1.355 
75.000 26.199 1.361 -0.588 -0.809 25.366 0.865 26.000 0.855 -1.286 -0.415 -0.270 0.116 0.089 0.089 0.130 0.130 0.070 0.070 3.140 -0.048 3.140 0.222 0.222 0.315 -0.833 -0.496 0.969 -0.199 -0.506 0.543 -0.698 0.394 0.802 
76.000 25.492 0.654 -0.707 -0.707 24.986 0.696 24.931 0.644 -1.356 -0.111 -0.207 0.138 0.089 0.089 0.130 0.130 0.070 0.070 -0.272 -0.255 0.373 0.222 0.222 0.315 -0.506 0.042 0.508 -0.561 -0.010 0.561 -0.649 0.596 0.881 
77.000 24.683 0.066 -0.809 -0.588 25.717 -1.467 25.284 -1.063 0.014 -1.446 0.097 -0.141 0.089 0.089 0.130 0.130 0.070 0.070 -2.142 2.000 2.931 0.222 0.222 0.315 1.034 -1.533 1.849 0.601 -1.129 1.279 0.823 -0.858 1.189 
78.000 23.792 -0.388 -0.891 -0.454 23.725 0.219 24.043 -0.332 -1.047 0.421 -0.121 0.234 0.089 0.089 0.130 0.130 0.070 0.070 1.573 -2.728 3.149 0.222 0.222 0.315 -0.067 0.607 0.611 0.251 0.056 0.257 -0.156 0.875 0.889 
79.000 22.841 -0.697 -0.951 -0.309 22.994 -0.115 22.994 -0.074 -1.169 0.505 -0.109 0.184 0.089 0.089 0.130 0.130 0.070 0.070 0.002 0.204 0.204 0.222 0.222 0.315 0.153 0.582 0.602 0.153 0.623 0.642 -0.218 0.814 0.843 
80.000 21.853 -0.853 -0.988 -0.156 24.760 -3.943 24.167 -3.059 0.882 -2.531 0.290 -0.414 0.089 0.089 0.130 0.130 0.070 0.070 -2.934 4.375 5.268 0.222 0.222 0.315 2.907 -3.090 4.242 2.314 -2.206 3.197 1.870 -2.375 3.023 
81.000 20.853 -0.853 -1.000 0.000 19.755 1.569 20.825 0.123 -2.725 2.325 -0.439 0.575 0.089 0.089 0.130 0.130 0.070 0.070 5.295 -7.159 8.904 0.222 0.222 0.315 -1.098 2.422 2.659 -0.028 0.976 0.976 -1.725 2.325 2.895 
82.000 19.853 -0.853 -1.000 0.000 21.078 0.186 20.476 0.643 -0.972 1.236 -0.001 0.218 0.089 0.089 0.130 0.130 0.070 0.070 -2.978 2.262 3.740 0.222 0.222 0.315 1.225 1.039 1.606 0.623 1.496 1.621 0.028 1.236 1.236 
83.000 18.853 -0.853 -1.000 0.000 20.188 -0.164 20.050 0.249 -0.470 -0.050 0.089 -0.074 0.089 0.089 0.130 0.130 0.070 0.070 -0.683 2.043 2.154 0.222 0.222 0.315 1.335 0.689 1.502 1.197 1.102 1.627 0.530 -0.050 0.532 
84.000 17.853 -0.853 -1.000 0.000 17.900 -2.238 18.239 -1.746 -1.617 -1.917 -0.142 -0.389 0.089 0.089 0.130 0.130 0.070 0.070 1.680 2.437 2.960 0.222 0.222 0.315 0.047 -1.385 1.386 0.386 -0.893 0.973 -0.617 -1.917 2.014 
85.000 16.853 -0.853 -1.000 0.000 19.082 -1.141 18.585 -1.651 0.052 -0.450 0.198 -0.016 0.089 0.089 0.130 0.130 0.070 0.070 -2.460 -2.522 3.523 0.222 0.222 0.315 2.229 -0.288 2.248 1.732 -0.798 1.907 1.052 -0.450 1.144 
86.000 15.853 -0.853 -1.000 0.000 12.468 -1.637 13.714 -1.731 -4.291 -0.125 -0.638 0.047 0.089 0.089 0.130 0.130 0.070 0.070 6.169 -0.463 6.186 0.222 0.222 0.315 -3.385 -0.784 3.475 -2.139 -0.878 2.312 -3.291 -0.125 3.294 
87.000 14.853 -0.853 -1.000 0.000 14.101 -1.133 13.156 -1.279 -1.486 0.454 0.045 0.138 0.089 0.089 0.130 0.130 0.070 0.070 -4.678 -0.723 4.734 0.222 0.222 0.315 -0.752 -0.280 0.802 -1.697 -0.426 1.750 -0.486 0.454 0.665 
88.000 13.853 -0.853 -1.000 0.000 14.448 -1.825 13.887 -1.623 0.604 -0.145 0.408 -0.008 0.089 0.089 0.130 0.130 0.070 0.070 -2.778 1.000 2.953 0.222 0.222 0.315 0.595 -0.972 1.140 0.034 -0.770 0.771 1.604 -0.145 1.610 
89.000 12.853 -0.853 -1.000 0.000 12.093 -0.565 12.577 -0.808 -0.753 0.732 0.050 0.152 0.089 0.089 0.130 0.130 0.070 0.070 2.397 -1.203 2.682 0.222 0.222 0.315 -0.760 0.288 0.813 -0.276 0.045 0.279 0.247 0.732 0.773 
90.000 11.853 -0.853 -1.000 0.000 12.546 -1.795 12.400 -1.448 -0.172 -0.382 0.140 -0.091 0.089 0.089 0.130 0.130 0.070 0.070 -0.722 1.719 1.865 0.222 0.222 0.315 0.693 -0.942 1.169 0.547 -0.595 0.808 0.828 -0.382 0.912 
91.000 10.853 -0.853 -1.000 0.000 11.243 -0.158 11.442 -0.496 -0.757 0.757 -0.004 0.139 0.089 0.089 0.130 0.130 0.070 0.070 0.985 -1.671 1.940 0.222 0.222 0.315 0.390 0.695 0.797 0.589 0.357 0.689 0.243 0.757 0.796 
92.000 9.853 -0.853 -1.000 0.000 9.514 0.580 9.751 0.516 -1.623 1.131 -0.159 0.167 0.089 0.089 0.130 0.130 0.070 0.070 1.171 -0.318 1.214 0.222 0.222 0.315 -0.339 1.433 1.473 -0.102 1.369 1.373 -0.623 1.131 1.291 
93.000 8.853 -0.853 -1.000 0.000 9.391 -0.133 9.136 0.227 -0.852 -0.012 0.024 -0.085 0.089 0.089 0.130 0.130 0.070 0.070 -1.263 1.780 2.183 0.222 0.222 0.315 0.538 0.720 0.899 0.283 1.080 1.116 0.148 -0.012 0.149 
94.000 7.853 -0.853 -1.000 0.000 8.459 1.186 8.424 0.990 -0.698 0.618 0.045 0.052 0.089 0.089 0.130 0.130 0.070 0.070 -0.175 -0.971 0.987 0.222 0.222 0.315 0.606 2.039 2.127 0.571 1.843 1.929 0.302 0.618 0.688 
95.000 6.853 -0.853 -1.000 0.000 8.628 -1.333 8.446 -0.739 0.011 -1.495 0.160 -0.342 0.089 0.089 0.130 0.130 0.070 0.070 -0.903 2.941 3.077 0.222 0.222 0.315 1.775 -0.480 1.839 1.593 0.114 1.597 1.011 -1.495 1.805 
96.000 5.853 -0.853 -1.000 0.000 -6.754 -4.563 -3.681 -4.092 -11.026 -3.552 -1.869 -0.616 0.089 0.089 0.130 0.130 0.070 0.070 15.211 2.330 15.388 0.222 0.222 0.315 -12.607 -3.710 13.142 -9.534 -3.239 10.069 -10.026 -3.552 10.636 
97.000 4.853 -0.853 -1.000 0.000 5.233 -0.260 1.205 -1.752 1.783 1.267 0.957 0.423 0.089 0.089 0.130 0.130 0.070 0.070 -19.940 -7.384 21.263 0.222 0.222 0.315 0.380 0.593 0.704 -3.648 -0.899 3.758 2.783 1.267 3.058 
98.000 3.853 -0.853 -1.000 0.000 4.550 -1.337 4.234 -1.165 3.890 1.062 1.068 0.267 0.089 0.089 0.130 0.130 0.070 0.070 -1.562 0.853 1.780 0.222 0.222 0.315 0.697 -0.484 0.849 0.381 -0.312 0.493 4.890 1.062 5.004 
99.000 2.853 -0.853 -1.000 0.000 2.739 -2.660 3.827 -2.143 0.994 -0.553 0.248 -0.098 0.089 0.089 0.130 0.130 0.070 0.070 5.385 2.558 5.962 0.222 0.222 0.315 -0.114 -1.807 1.811 0.974 -1.290 1.617 1.994 -0.553 2.069 
