0.000 0.000 0.000 0.000 0.000 -1.392 0.204 -1.390 0.204 -0.014 0.002 0.000 0.000 0.999 0.999 3.147 3.147 97.005 97.005 1.392 -0.204 1.407 30.163 30.163 42.657 -1.392 0.204 1.407 -1.390 0.204 1.405 -0.014 0.002 0.014 
1.000 0.000 1.000 0.000 1.000 -1.045 3.279 -1.075 3.021 -2.608 -22.200 286.415 2451.113 0.957 0.957 92.766 92.766 9200.194 9200.194 -0.359 -3.073 3.094 3.453 3.453 4.883 -1.045 2.279 2.507 -1.075 2.021 2.289 -2.608 -23.200 23.346 
2.000 0.000 2.000 0.000 1.000 -0.858 2.385 -0.858 2.382 6.333 310.964 -605.295 -30847.051 1.000 1.000 224.565 224.565 22350.365 22350.365 -2.825 -21.564 21.748 92.699 92.699 131.096 -0.858 0.385 0.940 -0.858 0.382 0.940 6.333 309.964 310.028 
3.000 0.000 3.000 0.000 1.000 -1.099 2.683 -1.099 2.689 49.953 130.958 -4970.422 -12994.044 1.000 1.000 178.051 178.051 17752.624 17752.624 6.574 310.663 310.733 224.131 224.131 316.970 -1.099 -0.317 1.144 -1.099 -0.311 1.142 49.953 129.958 139.228 
4.000 0.000 4.000 0.000 1.000 0.538 4.152 0.540 4.156 -136.829 -42.106 13693.413 4273.995 1.000 1.000 156.496 156.496 15617.953 15617.953 48.316 129.496 138.216 177.501 177.501 251.025 0.538 0.152 0.559 0.540 0.156 0.562 -136.829 -43.106 143.458 
5.000 0.000 5.000 0.000 1.000 -1.065 4.564 -1.071 4.562 143.543 14.851 -14316.195 -1413.069 1.000 1.000 144.553 144.553 14433.537 14433.537 -135.224 -42.514 141.750 155.869 155.869 220.432 -1.065 -0.436 1.151 -1.071 -0.438 1.157 143.543 13.851 144.210 
6.000 0.000 6.000 0.000 1.000 -1.011 4.570 -1.004 4.571 77.112 75.912 -7694.847 -7521.419 1.000 1.000 137.223 137.223 13705.842 13705.842 143.484 14.843 144.250 143.872 143.872 203.466 -1.011 -1.430 1.751 -1.004 -1.429 1.747 77.112 74.912 107.508 
7.000 0.000 7.000 0.000 1.000 -0.157 9.360 -0.153 9.364 -37.402 -376.243 3747.252 37685.382 1.000 1.000 132.488 132.488 13235.251 13235.251 76.264 71.123 104.282 136.505 136.505 193.047 -0.157 2.360 2.365 -0.153 2.364 2.369 -37.402 -377.243 379.092 
8.000 0.000 8.000 0.000 1.000 -1.584 6.504 -1.586 6.482 132.442 175.450 -13233.448 -17445.195 1.000 1.000 129.376 129.376 12925.756 12925.756 -35.971 -373.383 375.111 131.743 131.743 186.313 -1.584 -1.496 2.179 -1.586 -1.518 2.195 132.442 174.450 219.029 
9.000 0.000 9.000 0.000 1.000 0.799 8.386 0.807 8.396 -161.582 -3.556 16156.845 439.234 1.000 1.000 127.350 127.350 12724.113 12724.113 130.057 173.546 216.871 128.613 128.613 181.886 0.799 -0.614 1.008 0.807 -0.604 1.008 -161.582 -4.556 161.646 
10.000 0.000 10.000 0.000 1.000 -1.208 9.839 -1.218 9.839 115.862 -61.721 -11573.652 6256.167 1.000 1.000 126.072 126.072 12596.814 12596.814 -159.567 -4.998 159.645 126.574 126.574 179.003 -1.208 -0.161 1.219 -1.218 -0.161 1.229 115.862 -62.721 131.749 
11.000 0.000 11.000 0.000 1.000 0.785 9.523 0.792 9.519 -125.259 82.718 12528.953 -8182.587 1.000 1.000 125.307 125.307 12520.516 12520.516 113.859 -61.405 129.362 125.288 125.288 177.184 0.785 -1.477 1.673 0.792 -1.481 1.680 -125.259 81.718 149.559 
12.000 0.000 12.000 0.000 1.000 1.226 12.342 1.218 12.347 -107.890 -147.042 10802.368 14786.858 1.000 1.000 124.881 124.881 12478.006 12478.006 -125.693 79.895 148.936 124.518 124.518 176.095 1.226 0.342 1.273 1.218 0.347 1.266 -107.890 -148.042 183.185 
13.000 0.000 13.000 0.000 1.000 -0.880 13.535 -0.887 13.525 163.310 -115.791 -16308.985 11673.911 1.000 1.000 124.666 124.666 12456.547 12456.547 -105.792 -148.230 182.110 124.089 124.089 175.488 -0.880 0.535 1.030 -0.887 0.525 1.031 163.310 -116.791 200.774 
14.000 0.000 14.000 0.000 1.000 -2.088 14.557 -2.077 14.549 231.004 -71.362 -23091.810 7240.501 1.000 1.000 124.571 124.571 12447.105 12447.105 164.511 -116.823 201.771 123.873 123.873 175.182 -2.088 0.557 2.161 -2.077 0.549 2.149 231.004 -72.362 242.072 
15.000 0.000 15.000 0.000 1.000 1.510 15.147 1.525 15.142 -221.794 5.644 22169.361 -454.188 1.000 1.000 124.538 124.538 12443.743 12443.743 227.416 -71.960 238.530 123.778 123.778 175.048 1.510 0.147 1.517 1.525 0.142 1.531 -221.794 4.644 221.842 
16.000 0.000 16.000 0.000 1.000 3.918 18.766 3.903 18.766 -370.013 -247.469 37009.619 24856.901 1.000 1.000 124.530 124.530 12442.943 12442.943 -224.187 2.020 224.196 123.744 123.744 175.000 3.918 2.766 4.796 3.903 2.766 4.784 -370.013 -248.469 445.698 
17.000 0.000 17.000 0.000 1.000 -0.812 17.072 -3.183 15.477 508.192 299.968 -50781.192 -29866.813 9.967 9.967 995.136 995.136 99513.153 99513.153 -365.298 -245.775 440.281 123.736 123.736 174.989 -0.812 0.072 0.815 -3.183 -1.523 3.528 508.192 298.968 589.610 
18.000 0.000 18.000 0.000 1.000 -1.926 16.171 -1.925 16.171 419.568 359.982 -41919.065 -35868.387 1.000 1.000 136.546 136.546 13641.319 13641.319 506.935 299.274 588.683 985.198 985.198 1393.280 -1.926 -1.829 2.656 -1.925 -1.829 2.655 419.568 358.982 552.182 
19.000 0.000 19.000 0.000 1.000 -0.891 19.736 1.366 21.658 -107.962 -259.943 10792.858 26089.110 9.973 9.973 995.143 995.143 99513.864 99513.864 418.534 356.417 549.731 135.819 135.819 192.077 -0.891 0.736 1.156 1.366 2.658 2.988 -107.962 -260.943 282.395 
20.000 0.000 20.000 0.000 1.000 -0.794 20.753 -0.794 20.753 104.907 -74.074 -10494.014 7502.376 1.000 1.000 142.883 142.883 14274.120 14274.120 -105.802 -259.038 279.812 985.206 985.206 1393.292 -0.794 0.753 1.094 -0.794 0.753 1.094 104.907 -75.074 129.003 
21.000 0.000 21.000 0.000 1.000 1.213 19.185 1.218 19.181 -162.937 222.686 16280.037 -22166.362 1.000 1.000 131.626 131.626 13151.538 13151.538 102.900 -72.506 125.879 142.189 142.189 201.085 1.213 -1.815 2.183 1.218 -1.819 2.189 -162.937 221.686 275.124 
22.000 0.156 21.988 0.156 0.988 1.109 21.185 1.099 21.198 -80.632 9.389 8063.381 -855.326 1.000 1.000 127.435 127.435 12733.436 12733.436 -162.827 220.683 274.251 130.876 130.876 185.087 0.953 -0.803 1.246 0.943 -0.790 1.231 -80.788 8.401 81.223 
23.000 0.465 22.939 0.309 0.951 0.306 22.597 0.301 22.597 37.151 -50.818 -3708.432 5164.690 1.000 1.000 125.565 125.565 12546.684 12546.684 -79.838 7.989 80.237 126.660 126.660 179.124 -0.159 -0.342 0.377 -0.164 -0.342 0.379 36.842 -51.769 63.540 
24.000 0.919 23.830 0.454 0.891 4.045 18.862 4.047 18.859 -345.974 427.253 34601.345 -42638.690 1.000 1.000 124.804 124.804 12470.494 12470.494 33.407 -47.083 57.730 124.778 124.778 176.463 3.126 -4.968 5.870 3.128 -4.971 5.873 -346.428 426.362 549.361 
25.000 1.507 24.639 0.588 0.809 2.410 27.251 0.185 29.957 196.754 -781.535 -19643.970 78206.677 9.968 9.968 995.140 995.140 99513.561 99513.561 -344.337 418.861 542.229 124.012 124.012 175.379 0.903 2.612 2.764 -1.322 5.318 5.480 196.166 -782.344 806.563 
26.000 2.214 25.346 0.707 0.707 1.367 26.248 1.367 26.247 109.694 -355.996 -10938.048 35653.154 1.000 1.000 136.580 136.580 13644.646 13644.646 195.573 -777.826 802.036 985.202 985.202 1393.285 -0.847 0.902 1.237 -0.847 0.901 1.237 108.987 -356.703 372.982 
27.000 3.023 25.934 0.809 0.588 2.450 26.607 2.456 26.588 -29.448 -134.213 2965.453 13510.023 1.000 1.000 129.823 129.823 12971.231 12971.231 108.611 -356.356 372.540 135.853 135.853 192.125 -0.573 0.673 0.884 -0.567 0.654 0.865 -30.257 -134.801 138.155 
28.000 3.914 26.388 0.891 0.454 2.778 26.450 2.776 26.442 -25.893 36.370 2612.545 -3536.594 1.000 1.000 126.972 126.972 12686.924 12686.924 -29.770 -134.075 137.340 129.063 129.063 182.523 -1.136 0.062 1.138 -1.138 0.054 1.139 -26.784 35.916 44.803 
29.000 4.865 26.697 0.951 0.309 5.267 25.785 5.265 25.787 -238.221 184.811 23847.638 -18383.765 1.000 1.000 125.553 125.553 12545.258 12545.258 -28.384 37.027 46.654 126.194 126.194 178.465 0.402 -0.912 0.997 0.400 -0.910 0.994 -239.172 184.502 302.066 
30.000 5.853 26.853 0.988 0.156 5.777 26.740 5.762 26.752 -153.840 102.168 15428.900 -10134.316 1.000 1.000 124.897 124.897 12479.729 12479.729 -238.732 183.858 301.325 124.766 124.766 176.445 -0.076 -0.113 0.136 -0.091 -0.101 0.136 -154.828 102.012 185.413 
31.000 6.853 26.853 1.000 0.000 6.743 24.839 6.733 24.846 -136.775 328.634 13734.995 -32789.398 1.000 1.000 124.639 124.639 12453.916 12453.916 -154.821 104.080 186.554 124.106 124.106 175.512 -0.110 -2.014 2.017 -0.120 -2.007 2.011 -137.775 328.634 356.346 
32.000 7.853 26.853 1.000 0.000 11.939 31.791 11.930 31.812 -535.790 -437.212 53648.002 43769.012 1.000 1.000 124.568 124.568 12446.746 12446.746 -141.982 321.689 351.628 123.846 123.846 175.145 4.086 4.938 6.409 4.077 4.959 6.420 -536.790 -437.212 692.313 
33.000 8.853 26.853 1.000 0.000 7.807 26.836 4.359 24.033 525.316 579.585 -52419.386 -57875.555 9.968 9.968 995.138 995.138 99513.355 99513.355 -531.667 -432.236 685.199 123.774 123.774 175.043 -1.046 -0.017 1.046 -4.494 -2.820 5.306 524.316 579.585 781.554 
34.000 9.853 26.853 1.000 0.000 9.671 27.218 9.672 27.219 105.359 342.931 -10423.940 -34210.463 1.000 1.000 136.631 136.631 13649.689 13649.689 520.004 576.400 776.299 985.200 985.200 1393.283 -0.182 0.365 0.408 -0.181 0.366 0.408 104.359 342.931 358.459 
35.000 10.853 26.853 1.000 0.000 10.397 27.954 10.403 27.973 84.764 155.751 -8374.741 -15526.335 1.000 1.000 129.835 129.835 12972.370 12972.370 104.634 342.196 357.836 135.904 135.904 192.197 -0.456 1.101 1.192 -0.450 1.120 1.207 83.764 155.751 176.847 
36.000 11.853 26.853 1.000 0.000 12.352 27.417 12.357 27.426 -50.587 180.762 5153.123 -18040.897 1.000 1.000 126.943 126.943 12684.042 12684.042 82.814 156.307 176.890 129.074 129.074 182.539 0.499 0.564 0.753 0.504 0.573 0.763 -51.587 180.762 187.979 
37.000 12.853 26.853 1.000 0.000 12.589 28.074 12.586 28.085 44.826 65.620 -4384.014 -6541.470 1.000 1.000 125.498 125.498 12539.873 12539.873 -50.819 180.114 187.146 126.165 126.165 178.424 -0.264 1.221 1.249 -0.267 1.232 1.261 43.826 65.620 78.909 
38.000 13.853 26.853 1.000 0.000 14.310 27.960 14.313 27.964 -48.797 68.438 4974.827 -6828.588 1.000 1.000 124.834 124.834 12473.526 12473.526 43.102 65.745 78.614 124.711 124.711 176.368 0.457 1.107 1.198 0.460 1.111 1.203 -49.797 68.438 84.637 
39.000 14.853 26.853 1.000 0.000 12.387 24.827 12.384 24.832 260.155 364.949 -25916.597 -36485.500 1.000 1.000 124.581 124.581 12448.175 12448.175 -46.871 71.575 85.557 124.043 124.043 175.423 -2.466 -2.026 3.192 -2.469 -2.021 3.191 259.155 364.949 447.604 
40.000 15.853 26.853 1.000 0.000 16.360 16.867 18.021 19.285 -317.754 764.394 31853.655 -76459.998 9.968 9.968 995.138 995.138 99513.336 99513.336 256.179 372.914 452.430 123.788 123.788 175.062 0.507 -9.986 9.999 2.168 -7.568 7.872 -318.754 764.394 828.192 
41.000 16.853 26.853 1.000 0.000 18.567 27.281 18.567 27.282 -293.498 -57.255 29428.199 5704.458 1.000 1.000 136.540 136.540 13640.689 13640.689 -318.300 756.398 820.641 985.199 985.199 1393.282 1.714 0.428 1.767 1.714 0.429 1.767 -294.498 -57.255 300.012 
42.000 17.853 26.853 1.000 0.000 17.204 27.692 17.188 27.689 88.494 -86.251 -8742.123 8609.836 1.000 1.000 129.793 129.793 12968.210 12968.210 -292.135 -57.665 297.772 135.813 135.813 192.069 -0.649 0.839 1.061 -0.665 0.836 1.068 87.494 -86.251 122.860 
43.000 18.853 26.853 1.000 0.000 17.924 26.501 17.929 26.496 77.655 60.371 -7665.873 -6045.057 1.000 1.000 126.929 126.929 12682.607 12682.607 87.758 -85.064 122.218 129.032 129.032 182.479 -0.929 -0.352 0.993 -0.924 -0.357 0.990 76.655 60.371 97.574 
44.000 19.853 26.853 1.000 0.000 20.773 27.993 20.778 27.997 -142.625 -125.277 14355.986 12514.939 1.000 1.000 125.500 125.500 12540.041 12540.041 74.812 58.874 95.199 126.150 126.150 178.403 0.920 1.140 1.465 0.925 1.144 1.471 -143.625 -125.277 190.584 
45.000 20.853 26.853 1.000 0.000 18.797 26.605 18.788 26.597 213.653 58.092 -21260.393 -5811.979 1.000 1.000 124.844 124.844 12474.478 12474.478 -140.644 -123.885 187.425 124.713 124.713 176.370 -2.056 -0.248 2.071 -2.065 -0.256 2.081 212.653 58.092 220.445 
46.000 21.853 26.853 1.000 0.000 22.267 28.117 22.281 28.121 -124.635 -122.323 12551.362 12224.976 1.000 1.000 124.593 124.593 12449.343 12449.343 210.174 56.572 217.654 124.052 124.052 175.436 0.414 1.264 1.330 0.428 1.268 1.338 -125.635 -122.323 175.348 
47.000 22.841 26.697 0.988 -0.156 24.035 26.047 24.027 26.039 -155.151 131.944 15613.275 -13191.999 1.000 1.000 124.532 124.532 12443.213 12443.213 -126.389 -120.250 174.454 123.800 123.800 175.079 1.194 -0.650 1.359 1.186 -0.658 1.356 -156.139 132.100 204.524 
48.000 23.792 26.388 0.951 -0.309 22.755 28.338 22.745 28.346 139.584 -153.978 -13847.633 15389.637 1.000 1.000 124.542 124.542 12444.104 12444.104 -153.879 129.645 201.213 123.738 123.738 174.993 -1.037 1.950 2.209 -1.047 1.958 2.221 138.633 -153.669 206.962 
49.000 24.683 25.934 0.891 -0.454 24.544 26.502 24.553 26.492 8.241 90.956 -724.643 -9091.279 1.000 1.000 124.562 124.562 12446.166 12446.166 137.785 -152.134 205.254 123.748 123.748 175.006 -0.139 0.568 0.585 -0.130 0.558 0.573 7.350 91.410 91.705 
50.000 25.492 25.346 0.809 -0.588 24.378 24.798 24.379 24.804 121.390 222.824 -12040.204 -22285.658 1.000 1.000 124.573 124.573 12447.230 12447.230 8.416 92.650 93.031 123.769 123.769 175.035 -1.114 -0.548 1.241 -1.113 -0.542 1.238 120.581 223.412 253.875 
51.000 26.199 24.639 0.707 -0.707 26.380 24.602 26.388 24.617 -33.920 138.995 3480.926 -13921.112 1.000 1.000 124.571 124.571 12447.005 12447.005 119.388 223.026 252.970 123.779 123.779 175.050 0.181 -0.037 0.185 0.189 -0.022 0.190 -34.627 139.702 143.930 
52.000 26.787 23.830 0.588 -0.809 25.328 24.087 25.326 24.096 175.865 107.356 -17494.868 -10768.656 1.000 1.000 124.560 124.560 12445.926 12445.926 -32.860 139.525 143.342 123.777 123.777 175.047 -1.459 0.257 1.481 -1.461 0.266 1.485 175.277 108.165 205.966 
53.000 27.241 22.939 0.454 -0.891 26.748 22.217 26.759 22.224 46.576 212.942 -4580.252 -21336.119 1.000 1.000 124.546 124.546 12444.530 12444.530 174.443 109.235 205.822 123.766 123.766 175.032 -0.493 -0.722 0.874 -0.482 -0.715 0.862 46.122 213.833 218.750 
54.000 27.550 21.988 0.309 -0.951 28.671 21.890 28.674 21.904 -87.349 108.180 8808.665 -10877.395 1.000 1.000 124.532 124.532 12443.208 12443.208 44.665 213.276 217.902 123.752 123.752 175.012 1.121 -0.098 1.125 1.124 -0.084 1.127 -87.658 109.131 139.977 
55.000 27.706 21.000 0.156 -0.988 27.413 20.288 27.407 20.295 151.295 160.865 -15048.758 -16154.882 1.000 1.000 124.522 124.522 12442.158 12442.158 -86.088 109.796 139.522 123.738 123.738 174.993 -0.293 -0.712 0.770 -0.299 -0.705 0.765 151.139 161.853 221.449 
56.000 27.706 20.000 0.000 -1.000 15.755 13.500 15.766 13.511 1323.845 696.436 -132317.065 -69725.675 1.000 1.000 124.514 124.514 12441.425 12441.425 162.948 167.660 233.799 123.728 123.728 174.978 -11.951 -6.500 13.604 -11.940 -6.489 13.590 1323.845 697.436 1496.323 
57.000 27.706 19.000 0.000 -1.000 28.032 19.897 36.546 24.376 -1265.491 -776.666 126510.139 77528.567 9.967 9.967 995.135 995.135 99513.091 99513.091 1311.579 690.050 1482.028 123.720 123.720 174.967 0.326 0.897 0.954 8.840 5.376 10.346 -1265.491 -775.666 1484.293 
58.000 27.706 18.000 0.000 -1.000 27.323 17.636 27.322 17.635 -379.840 -239.257 37945.628 23788.013 1.000 1.000 136.507 136.507 13637.383 13637.383 -1256.268 -769.926 1473.430 985.197 985.197 1393.279 -0.383 -0.364 0.528 -0.384 -0.365 0.530 -379.840 -238.257 448.380 
59.000 27.706 17.000 0.000 -1.000 28.642 18.093 28.621 18.080 -332.104 -285.539 33209.590 28439.825 1.000 1.000 129.749 129.749 12963.817 12963.817 -381.160 -239.715 450.273 135.779 135.779 192.021 0.936 1.093 1.439 0.915 1.080 1.416 -332.104 -284.539 437.328 
60.000 27.706 16.000 0.000 -1.000 27.236 13.214 27.216 13.197 -26.883 229.143 2716.052 -23004.143 1.000 1.000 126.876 126.876 12677.364 12677.364 -330.719 -280.673 433.765 128.988 128.988 182.416 -0.470 -2.786 2.825 -0.490 -2.803 2.845 -26.883 230.143 231.708 
61.000 27.706 15.000 0.000 -1.000 29.309 16.462 29.307 16.476 -194.714 -294.413 19501.513 29333.001 1.000 1.000 125.447 125.447 12534.720 12534.720 -28.976 225.878 227.729 126.097 126.097 178.328 1.603 1.462 2.170 1.601 1.476 2.178 -194.714 -293.413 352.143 
62.000 27.706 14.000 0.000 -1.000 27.315 12.685 27.303 12.666 123.045 109.811 -12258.952 -11066.020 1.000 1.000 124.797 124.797 12469.755 12469.755 -192.722 -290.622 348.716 124.659 124.659 176.294 -0.391 -1.315 1.372 -0.403 -1.334 1.393 123.045 110.811 165.587 
63.000 27.706 13.000 0.000 -1.000 28.197 13.649 28.205 13.656 23.892 -122.653 -2353.429 12171.565 1.000 1.000 124.556 124.556 12445.608 12445.608 122.151 108.828 163.598 124.004 124.004 175.369 0.491 0.649 0.814 0.499 0.656 0.824 23.892 -121.653 123.977 
64.000 27.706 12.000 0.000 -1.000 30.799 18.608 30.800 18.600 -209.386 -654.057 20972.599 65322.304 1.000 1.000 124.506 124.506 12440.554 12440.554 21.297 -127.605 129.370 123.762 123.762 175.026 3.093 6.608 7.296 3.094 6.600 7.289 -209.386 -653.057 685.803 
65.000 27.706 11.000 0.000 -1.000 28.777 11.139 27.431 6.941 253.057 713.696 -25254.908 -71400.558 9.967 9.967 995.138 995.138 99513.329 99513.329 -207.363 -646.596 679.033 123.712 123.712 174.955 1.071 0.139 1.080 -0.275 -4.059 4.068 253.057 714.696 758.175 
66.000 27.706 10.000 0.000 -1.000 28.580 8.976 28.580 8.977 188.483 477.982 -18797.571 -47829.452 1.000 1.000 136.572 136.572 13643.898 13643.898 251.908 711.662 754.930 985.199 985.199 1393.282 0.874 -1.024 1.346 0.874 -1.023 1.346 188.483 478.982 514.732 
67.000 27.706 9.000 0.000 -1.000 29.650 8.525 30.660 11.104 -74.646 -36.153 7496.859 3537.009 9.973 9.973 995.145 995.145 99513.986 99513.986 187.413 478.434 513.831 135.846 135.846 192.115 1.944 -0.475 2.001 2.954 2.104 3.627 -74.646 -35.153 82.509 
68.000 27.706 8.000 0.000 -1.000 24.750 8.668 24.750 8.668 548.765 129.159 -54844.176 -12994.230 1.000 1.000 142.966 142.966 14282.329 14282.329 -68.736 -33.718 76.560 985.208 985.208 1393.294 -2.956 0.668 3.031 -2.956 0.668 3.031 548.765 130.159 563.989 
69.000 27.706 7.000 0.000 -1.000 26.251 7.666 28.942 8.306 -173.872 7.192 17364.594 -810.603 9.975 9.975 995.144 995.144 99513.925 99513.925 547.264 130.161 562.529 142.272 142.272 201.203 -1.455 0.666 1.600 1.236 1.306 1.798 -173.872 8.192 174.065 
70.000 27.706 6.000 0.000 -1.000 27.522 5.152 27.522 5.152 -54.171 231.192 5394.591 -23210.607 1.000 1.000 144.831 144.831 14468.939 14468.939 -172.452 10.346 172.763 985.207 985.207 1393.293 -0.184 -0.848 0.868 -0.184 -0.848 0.868 -54.171 232.192 238.428 
71.000 27.706 5.000 0.000 -1.000 28.622 5.652 28.619 5.663 -151.777 -55.999 15160.689 5485.722 1.000 1.000 132.000 132.000 13189.081 13189.081 -55.271 230.692 237.221 144.146 144.146 203.853 0.916 0.652 1.124 0.913 0.663 1.129 -151.777 -54.999 161.435 
72.000 27.550 4.012 -0.156 -0.988 23.765 1.491 23.756 1.488 393.618 274.155 -39366.546 -27525.411 1.000 1.000 127.488 127.488 12738.815 12738.815 -146.923 -51.827 155.796 131.253 131.253 185.619 -3.785 -2.521 4.548 -3.794 -2.524 4.556 393.774 275.143 480.377 
73.000 27.241 3.061 -0.309 -0.951 28.273 2.867 30.682 4.555 -486.335 -270.555 48597.914 26924.031 9.969 9.969 995.140 995.140 99513.571 99513.571 389.101 272.776 475.191 126.714 126.714 179.200 1.032 -0.194 1.050 3.441 1.494 3.751 -486.026 -269.604 555.795 
74.000 26.787 2.170 -0.454 -0.891 27.491 1.341 27.491 1.341 -201.963 -80.106 20160.970 7879.283 1.000 1.000 137.475 137.475 13734.336 13734.336 -483.144 -267.341 552.177 985.202 985.202 1393.286 0.704 -0.829 1.088 0.704 -0.829 1.087 -201.509 -79.215 216.520 
75.000 26.199 1.361 -0.588 -0.809 25.366 0.865 25.355 0.861 90.719 -117.845 -9087.793 11660.919 1.000 1.000 129.974 129.974 12986.404 12986.404 -199.839 -79.631 215.120 136.753 136.753 193.398 -0.833 -0.496 0.969 -0.844 -0.500 0.981 91.307 -117.036 148.440 
76.000 25.492 0.654 -0.707 -0.707 24.986 0.696 24.991 0.689 65.431 -165.200 -6566.879 16406.440 1.000 1.000 126.979 126.979 12687.593 12687.593 91.088 -117.681 148.815 129.215 129.215 182.737 -0.506 0.042 0.508 -0.501 0.035 0.502 66.138 -164.493 177.291 
77.000 24.683 0.066 -0.809 -0.588 25.717 -1.467 25.721 -1.477 -61.677 14.485 6138.644 -1548.678 1.000 1.000 125.566 125.566 12546.557 12546.557 64.706 -163.044 175.414 126.201 126.201 178.475 1.034 -1.533 1.849 1.038 -1.543 1.860 -60.868 15.073 62.707 
78.000 23.792 -0.388 -0.891 -0.454 23.725 0.219 23.721 0.220 136.387 -261.178 -13662.957 26016.652 1.000 1.000 124.947 124.947 12484.705 12484.705 -59.681 12.789 61.036 124.779 124.779 176.464 -0.067 0.607 0.611 -0.071 0.608 0.612 137.278 -260.724 294.657 
79.000 22.841 -0.697 -0.951 -0.309 22.994 -0.115 23.003 -0.132 122.499 -210.184 -12285.304 20938.491 1.000 1.000 124.716 124.716 12461.527 12461.527 137.115 -260.844 294.686 124.156 124.156 175.583 0.153 0.582 0.602 0.162 0.565 0.588 123.450 -209.875 243.490 
80.000 21.853 -0.853 -0.988 -0.156 24.760 -3.943 24.768 -3.956 -143.305 184.505 14285.196 -18513.486 1.000 1.000 124.651 124.651 12455.033 12455.033 120.742 -206.373 239.099 123.923 123.923 175.254 2.907 -3.090 4.242 2.915 -3.103 4.258 -142.317 184.661 233.139 
81.000 20.853 -0.853 -1.000 0.000 19.755 1.569 19.746 1.581 375.304 -512.073 -37564.271 51129.603 1.000 1.000 124.641 124.641 12453.975 12453.975 -138.292 178.979 226.182 123.858 123.858 175.162 -1.098 2.422 2.659 -1.107 2.434 2.674 376.304 -512.073 635.471 
82.000 19.853 -0.853 -1.000 0.000 21.078 0.186 23.501 -3.122 -199.839 106.853 19919.393 -10721.282 9.968 9.968 995.138 995.138 99513.358 99513.358 373.972 -510.679 632.967 123.848 123.848 175.147 1.225 1.039 1.606 3.648 -2.269 4.296 -198.839 106.853 225.731 
83.000 18.853 -0.853 -1.000 0.000 20.188 -0.164 20.188 -0.164 67.284 -225.111 -6792.844 22475.053 1.000 1.000 136.733 136.733 13659.892 13659.892 -196.526 103.895 222.299 985.200 985.200 1393.283 1.335 0.689 1.502 1.335 0.689 1.502 68.284 -225.111 235.239 
84.000 17.853 -0.853 -1.000 0.000 17.900 -2.238 17.904 -2.250 191.684 74.450 -19239.657 -7458.857 1.000 1.000 129.871 129.871 12976.038 12976.038 69.572 -223.037 233.636 136.007 136.007 192.343 0.047 -1.385 1.386 0.051 -1.397 1.398 192.684 74.450 206.566 
85.000 16.853 -0.853 -1.000 0.000 19.082 -1.141 19.093 -1.137 -94.203 -87.610 9332.463 8740.745 1.000 1.000 126.952 126.952 12684.950 12684.950 190.505 73.340 204.135 129.111 129.111 182.591 2.229 -0.288 2.248 2.240 -0.284 2.258 -93.203 -87.610 127.915 
86.000 15.853 -0.853 -1.000 0.000 12.468 -1.637 12.462 -1.642 522.198 -16.396 -52300.389 1626.486 1.000 1.000 125.495 125.495 12539.497 12539.497 -87.577 -87.110 123.523 126.174 126.174 178.437 -3.385 -0.784 3.475 -3.391 -0.789 3.481 523.198 -16.396 523.455 
87.000 14.853 -0.853 -1.000 0.000 14.101 -1.133 17.427 -1.241 -289.323 -62.049 28810.017 6193.115 9.968 9.968 995.136 995.136 99513.180 99513.180 520.559 -16.906 520.834 124.707 124.707 176.362 -0.752 -0.280 0.802 2.574 -0.388 2.603 -288.323 -62.049 294.924 
88.000 13.853 -0.853 -1.000 0.000 14.448 -1.825 14.448 -1.825 -113.155 -15.305 11193.357 1518.792 1.000 1.000 136.743 136.743 13661.124 13661.124 -286.344 -61.465 292.866 985.198 985.198 1393.280 0.595 -0.972 1.140 0.595 -0.972 1.140 -112.155 -15.305 113.194 
89.000 12.853 -0.853 -1.000 0.000 12.093 -0.565 12.087 -0.566 63.706 -143.554 -6481.856 14345.251 1.000 1.000 129.777 129.777 12966.652 12966.652 -110.800 -16.565 112.032 136.017 136.017 192.358 -0.760 0.288 0.813 -0.766 0.287 0.818 64.706 -143.554 157.463 
90.000 11.853 -0.853 -1.000 0.000 12.546 -1.795 12.550 -1.804 -125.529 41.319 12436.177 -4129.831 1.000 1.000 126.885 126.885 12678.293 12678.293 63.247 -142.325 155.745 129.016 129.016 182.456 0.693 -0.942 1.169 0.697 -0.951 1.179 -124.529 41.319 131.205 
91.000 10.853 -0.853 -1.000 0.000 11.243 -0.158 11.235 -0.156 -52.608 -139.959 5154.202 13994.735 1.000 1.000 125.476 125.476 12537.661 12537.661 -124.222 39.674 130.404 126.107 126.107 178.342 0.390 0.695 0.797 0.382 0.697 0.795 -51.608 -139.959 149.170 
92.000 9.853 -0.853 -1.000 0.000 9.514 0.580 9.511 0.571 36.319 -149.966 -3734.353 15006.796 1.000 1.000 124.846 124.846 12474.634 12474.634 -50.887 -140.694 149.614 124.689 124.689 176.336 -0.339 1.433 1.473 -0.342 1.424 1.465 37.319 -149.966 154.539 
93.000 8.853 -0.853 -1.000 0.000 9.391 -0.133 9.393 -0.143 -70.706 -1.668 6965.196 189.130 1.000 1.000 124.613 124.613 12451.262 12451.262 36.438 -149.262 153.645 124.054 124.054 175.439 0.538 0.720 0.899 0.540 0.710 0.892 -69.706 -1.668 69.726 
94.000 7.853 -0.853 -1.000 0.000 8.459 1.186 8.454 1.186 -51.192 -110.881 5019.457 11110.678 1.000 1.000 124.559 124.559 12445.868 12445.868 -69.772 -2.997 69.836 123.819 123.819 175.107 0.606 2.039 2.127 0.601 2.039 2.126 -50.192 -110.881 121.712 
95.000 6.853 -0.853 -1.000 0.000 8.628 -1.333 8.625 -1.340 -145.105 212.458 14415.003 -21214.375 1.000 1.000 124.568 124.568 12446.701 12446.701 -51.366 -108.363 119.920 123.765 123.765 175.031 1.775 -0.480 1.839 1.772 -0.487 1.837 -144.105 212.458 256.719 
96.000 5.853 -0.853 -1.000 0.000 -6.754 -4.563 -6.762 -4.549 1355.815 468.752 -135666.362 -46861.468 1.000 1.000 124.584 124.584 12448.275 12448.275 -129.727 215.681 251.689 123.774 123.774 175.043 -12.607 -3.710 13.142 -12.615 -3.696 13.146 1356.815 468.752 1435.505 
97.000 4.853 -0.853 -1.000 0.000 5.233 -0.260 13.946 2.752 -1394.561 -453.095 139261.614 45285.343 9.968 9.968 995.137 995.137 99513.252 99513.252 1343.819 464.463 1421.821 123.790 123.790 175.065 0.380 0.593 0.704 9.093 3.605 9.781 -1393.561 -453.095 1465.370 
98.000 3.853 -0.853 -1.000 0.000 4.550 -1.337 4.549 -1.337 -646.897 -67.586 64495.831 6734.631 1.000 1.000 136.650 136.650 13651.623 13651.623 -1385.165 -449.007 1456.122 985.199 985.199 1393.281 0.697 -0.484 0.849 0.696 -0.484 0.848 -645.897 -67.586 649.423 
99.000 2.853 -0.853 -1.000 0.000 2.739 -2.660 -0.734 -3.017 52.158 113.836 -5346.264 -11401.037 9.973 9.973 995.144 995.144 99513.900 99513.900 -645.087 -66.263 648.482 135.923 135.923 192.225 -0.114 -1.807 1.811 -3.587 -2.164 4.189 53.158 113.836 125.636 
