0.000 0.000 0.000 0.000 0.000 -1.392 0.204 -1.390 0.204 -0.089 0.013 0.000 0.000 0.999 0.999 10.261 10.261 0.902 0.902 1.392 -0.204 1.407 30.163 30.163 42.657 -1.392 0.204 1.407 -1.390 0.204 1.405 -0.089 0.013 0.090 
1.000 0.000 1.000 0.000 1.000 -1.045 3.279 -1.049 3.250 0.543 4.467 0.003 0.023 0.995 0.995 nan nan 0.809 0.809 -0.434 -3.062 3.093 10.364 10.364 14.657 -1.045 2.279 2.507 -1.049 2.250 2.483 0.543 3.467 3.509 
2.000 0.000 2.000 0.000 1.000 -0.858 2.385 -0.882 2.017 1.334 16.435 0.011 0.145 1.034 1.034 12.437 12.437 0.735 0.735 0.352 5.333 5.344 nan nan nan -0.858 0.385 0.940 -0.882 0.017 0.882 1.334 15.435 15.493 
3.000 0.000 3.000 0.000 1.000 -1.099 2.683 -1.089 2.787 -0.733 -4.556 -0.005 -0.024 0.997 0.997 nan nan 0.652 0.652 1.551 15.769 15.845 12.340 12.340 17.451 -1.099 -0.317 1.144 -1.089 -0.213 1.110 -0.733 -5.556 5.604 
4.000 0.000 4.000 0.000 1.000 0.538 4.152 0.767 4.726 -9.065 -25.469 -0.007 -0.027 1.047 1.047 14.620 14.620 0.588 0.588 -2.360 -5.921 6.374 nan nan nan 0.538 0.152 0.559 0.767 0.726 1.056 -9.065 -26.469 27.978 
5.000 0.000 5.000 0.000 1.000 -1.065 4.564 -1.100 4.443 -0.043 6.095 0.007 0.021 0.998 0.998 nan nan 0.530 0.530 -7.233 -25.306 26.319 14.449 14.449 20.434 -1.065 -0.436 1.151 -1.100 -0.557 1.233 -0.043 5.095 5.095 
6.000 0.000 6.000 0.000 1.000 -1.011 4.570 -0.989 3.565 -0.943 47.352 0.002 0.219 1.081 1.081 19.335 19.335 0.486 0.486 -0.131 5.968 5.969 nan nan nan -1.011 -1.430 1.751 -0.989 -2.435 2.628 -0.943 46.352 46.361 
7.000 0.000 7.000 0.000 1.000 -0.157 9.360 -0.162 9.475 1.111 -0.473 0.009 0.012 0.999 0.999 nan nan 0.431 0.431 -1.775 41.557 41.595 19.031 19.031 26.914 -0.157 2.360 2.365 -0.162 2.475 2.480 1.111 -1.473 1.844 
8.000 0.000 8.000 0.000 1.000 -1.584 6.504 -2.823 5.282 56.636 54.296 0.004 0.007 1.220 1.220 32.799 32.799 0.390 0.390 2.533 2.498 3.558 nan nan nan -1.584 -1.496 2.179 -2.823 -2.718 3.919 56.636 53.296 77.770 
9.000 0.000 9.000 0.000 1.000 0.799 8.386 0.850 8.435 0.064 -0.329 -0.000 0.002 1.000 1.000 nan nan 0.354 0.354 53.014 51.192 73.696 32.162 32.162 45.484 0.799 -0.614 1.008 0.850 -0.565 1.021 0.064 -1.329 1.331 
10.000 0.000 10.000 0.000 1.000 -1.208 9.839 -0.198 9.014 -49.613 40.241 -0.120 0.100 0.724 0.724 nan nan 0.311 0.311 2.122 -1.733 2.740 1.449 1.449 2.049 -1.208 -0.161 1.219 -0.198 -0.986 1.006 -49.613 39.241 63.256 
11.000 0.000 11.000 0.000 1.000 0.785 9.523 0.835 9.483 -0.275 1.502 0.005 0.001 1.000 1.000 1.420 1.420 0.292 0.292 -50.596 39.732 64.332 nan nan nan 0.785 -1.477 1.673 0.835 -1.517 1.731 -0.275 0.502 0.572 
12.000 0.000 12.000 0.000 1.000 1.226 12.342 1.115 12.115 5.634 13.538 0.003 -0.001 0.912 0.912 nan nan 0.266 0.266 -0.665 -1.356 1.511 2.444 2.444 3.456 1.226 0.342 1.273 1.115 0.115 1.120 5.634 12.538 13.746 
13.000 0.000 13.000 0.000 1.000 -0.880 13.535 -0.902 13.500 -1.128 2.791 0.006 0.004 1.001 1.001 2.524 2.524 0.243 0.243 7.629 12.118 14.320 nan nan nan -0.880 0.535 1.030 -0.902 0.500 1.031 -1.128 1.791 2.116 
14.000 0.000 14.000 0.000 1.000 -2.088 14.557 -2.082 14.728 -1.452 -7.003 0.005 -0.009 0.949 0.949 nan nan 0.222 0.222 0.058 1.734 1.735 3.186 3.186 4.505 -2.088 0.557 2.161 -2.082 0.728 2.206 -1.452 -8.003 8.134 
15.000 0.000 15.000 0.000 1.000 1.510 15.147 1.535 15.183 2.555 -1.123 0.011 0.001 1.002 1.002 3.263 3.263 0.205 0.205 -5.044 -7.423 8.974 nan nan nan 1.510 0.147 1.517 1.535 0.183 1.546 2.555 -2.123 3.322 
16.000 0.000 16.000 0.000 1.000 3.918 18.766 3.930 18.435 1.824 19.180 0.010 -0.003 0.964 0.964 nan nan 0.189 0.189 0.172 -4.706 4.709 3.773 3.773 5.336 3.918 2.766 4.796 3.930 2.435 4.624 1.824 18.180 18.271 
17.000 0.000 17.000 0.000 1.000 -0.812 17.072 -0.858 16.929 -2.731 4.895 0.012 0.007 1.003 1.003 3.915 3.915 0.175 0.175 6.566 20.543 21.567 nan nan nan -0.812 0.072 0.815 -0.858 -0.071 0.861 -2.731 3.895 4.757 
18.000 0.000 18.000 0.000 1.000 -1.926 16.171 -2.015 16.473 3.149 -15.049 0.015 -0.008 0.973 0.973 nan nan 0.163 0.163 -1.663 5.653 5.893 4.327 4.327 6.119 -1.926 -1.829 2.656 -2.015 -1.527 2.528 3.149 -16.049 16.355 
19.000 0.000 19.000 0.000 1.000 -0.891 19.736 -0.910 19.904 1.966 -4.230 0.012 0.006 1.005 1.005 4.487 4.487 0.153 0.153 2.026 -18.312 18.424 nan nan nan -0.891 0.736 1.156 -0.910 0.904 1.283 1.966 -5.230 5.587 
20.000 0.000 20.000 0.000 1.000 -0.794 20.753 -0.715 20.535 -3.633 11.174 0.011 0.004 0.978 0.978 nan nan 0.144 0.144 1.851 -5.079 5.405 4.829 4.829 6.830 -0.794 0.753 1.094 -0.715 0.535 0.893 -3.633 10.174 10.803 
21.000 0.000 21.000 0.000 1.000 1.213 19.185 1.277 19.040 -0.966 5.195 0.008 0.008 1.006 1.006 5.051 5.051 0.136 0.136 -5.561 12.524 13.703 nan nan nan 1.213 -1.815 2.183 1.277 -1.960 2.340 -0.966 4.195 4.305 
22.000 0.156 21.988 0.156 0.988 1.109 21.185 1.081 21.292 1.171 -2.939 0.008 0.004 0.982 0.982 nan nan 0.130 0.130 -0.797 3.050 3.153 5.336 5.336 7.547 0.953 -0.803 1.246 0.925 -0.696 1.158 1.015 -3.927 4.056 
23.000 0.465 22.939 0.309 0.951 0.306 22.597 0.278 22.658 0.492 -1.437 0.006 0.005 1.007 1.007 5.595 5.595 0.124 0.124 1.946 -4.244 4.669 nan nan nan -0.159 -0.342 0.377 -0.187 -0.281 0.338 0.183 -2.388 2.395 
24.000 0.919 23.830 0.454 0.891 4.045 18.862 3.949 18.931 8.357 -7.091 0.005 0.005 0.985 0.985 nan nan 0.120 0.120 -3.275 2.358 4.035 5.833 5.833 8.250 3.126 -4.968 5.870 3.030 -4.899 5.760 7.903 -7.982 11.232 
25.000 1.507 24.639 0.588 0.809 2.410 27.251 2.239 27.517 6.274 -3.833 0.008 -0.001 1.009 1.009 6.165 6.165 0.116 0.116 9.895 -15.410 18.314 nan nan nan 0.903 2.612 2.764 0.732 2.878 2.970 5.686 -4.642 7.340 
26.000 2.214 25.346 0.707 0.707 1.367 26.248 1.544 26.185 -9.310 1.761 0.003 0.001 0.988 0.988 nan nan 0.112 0.112 7.146 -2.564 7.592 6.359 6.359 8.994 -0.847 0.902 1.237 -0.670 0.839 1.074 -10.017 1.054 10.072 
27.000 3.023 25.934 0.809 0.588 2.450 26.607 2.662 26.579 -8.818 1.698 0.006 0.001 1.010 1.010 6.754 6.754 0.110 0.110 -10.216 1.338 10.303 nan nan nan -0.573 0.673 0.884 -0.361 0.645 0.739 -9.627 1.110 9.691 
28.000 3.914 26.388 0.891 0.454 2.778 26.450 2.591 26.488 9.091 -1.963 0.005 0.001 0.989 0.989 nan nan 0.108 0.108 -8.934 1.827 9.119 6.909 6.909 9.771 -1.136 0.062 1.138 -1.323 0.100 1.327 8.200 -2.417 8.549 
29.000 4.865 26.697 0.951 0.309 5.267 25.785 5.107 25.816 10.044 -2.149 0.006 0.000 1.012 1.012 7.404 7.404 0.106 0.106 6.415 -1.260 6.538 nan nan nan 0.402 -0.912 0.997 0.242 -0.881 0.913 9.093 -2.458 9.420 
30.000 5.853 26.853 0.988 0.156 5.777 26.740 5.943 26.686 -7.305 3.539 0.002 0.001 0.991 0.991 nan nan 0.104 0.104 9.374 -3.072 9.865 7.520 7.520 10.635 -0.076 -0.113 0.136 0.090 -0.167 0.190 -8.293 3.383 8.956 
31.000 6.853 26.853 1.000 0.000 6.743 24.839 6.987 24.677 -10.443 5.627 0.003 0.000 1.015 1.015 8.126 8.126 0.103 0.103 -8.105 5.386 9.731 nan nan nan -0.110 -2.014 2.017 0.134 -2.176 2.180 -11.443 5.627 12.752 
32.000 7.853 26.853 1.000 0.000 11.939 31.791 11.710 31.769 16.020 8.182 0.003 0.000 0.993 0.993 nan nan 0.102 0.102 -15.396 -1.486 15.467 8.203 8.203 11.601 4.086 4.938 6.409 3.857 4.916 6.249 15.020 8.182 17.104 
33.000 8.853 26.853 1.000 0.000 7.807 26.836 7.077 26.355 29.905 17.321 0.009 0.004 1.018 1.018 8.976 8.976 0.101 0.101 19.923 13.115 23.852 nan nan nan -1.046 -0.017 1.046 -1.776 -0.498 1.844 28.905 17.321 33.697 
34.000 9.853 26.853 1.000 0.000 9.671 27.218 24.826 36.351 10.228 5.462 0.005 0.002 6.671 6.671 9.327 9.327 0.100 0.100 27.311 16.458 31.886 9.012 9.012 12.744 -0.182 0.365 0.408 14.973 9.498 17.731 9.228 5.462 10.724 
35.000 10.853 26.853 1.000 0.000 10.397 27.954 10.486 28.004 -8.403 -5.011 0.002 0.000 0.998 0.998 5.385 5.385 0.100 0.100 24.657 13.859 28.285 16.633 16.633 23.523 -0.456 1.101 1.192 -0.367 1.151 1.208 -9.403 -5.011 10.655 
36.000 11.853 26.853 1.000 0.000 12.352 27.417 12.036 27.281 16.796 5.844 0.003 0.001 0.984 0.984 nan nan 0.099 0.099 -10.269 -4.424 11.181 5.701 5.701 8.063 0.499 0.564 0.753 0.183 0.428 0.465 15.796 5.844 16.843 
37.000 12.853 26.853 1.000 0.000 12.589 28.074 12.317 27.990 12.935 4.643 0.004 0.001 1.008 1.008 6.059 6.059 0.099 0.099 16.243 5.051 17.010 nan nan nan -0.264 1.221 1.249 -0.536 1.137 1.256 11.935 4.643 12.806 
38.000 13.853 26.853 1.000 0.000 14.310 27.960 14.589 28.079 -11.332 -5.720 0.000 -0.000 0.987 0.987 nan nan 0.099 0.099 10.942 4.673 11.898 6.262 6.262 8.855 0.457 1.107 1.198 0.736 1.226 1.430 -12.332 -5.720 13.594 
39.000 14.853 26.853 1.000 0.000 12.387 24.827 12.571 24.877 -10.610 -5.526 0.001 -0.000 1.010 1.010 6.646 6.646 0.098 0.098 -9.130 -2.468 9.458 nan nan nan -2.466 -2.026 3.192 -2.282 -1.976 3.019 -11.610 -5.526 12.858 
40.000 15.853 26.853 1.000 0.000 16.360 16.867 16.049 16.921 18.675 -10.577 0.003 -0.000 0.989 0.989 nan nan 0.098 0.098 -14.400 2.484 14.612 6.808 6.808 9.628 0.507 -9.986 9.999 0.196 -9.932 9.934 17.675 -10.577 20.598 
41.000 16.853 26.853 1.000 0.000 18.567 27.281 18.177 27.786 20.449 -12.874 0.004 -0.002 1.012 1.012 7.282 7.282 0.098 0.098 16.157 -20.938 26.447 nan nan nan 1.714 0.428 1.767 1.324 0.933 1.620 19.449 -12.874 23.324 
42.000 17.853 26.853 1.000 0.000 17.204 27.692 17.595 27.459 -19.763 11.115 -0.001 0.001 0.991 0.991 nan nan 0.098 0.098 21.423 -12.779 24.945 7.404 7.404 10.471 -0.649 0.839 1.061 -0.258 0.606 0.659 -20.763 11.115 23.551 
43.000 18.853 26.853 1.000 0.000 17.924 26.501 18.508 26.150 -26.602 15.225 -0.001 0.001 1.014 1.014 7.990 7.990 0.098 0.098 -20.092 12.073 23.441 nan nan nan -0.929 -0.352 0.993 -0.345 -0.703 0.783 -27.602 15.225 31.523 
44.000 19.853 26.853 1.000 0.000 20.773 27.993 3.190 36.144 -6.646 5.974 0.001 0.000 6.252 6.252 9.241 9.241 0.098 0.098 -28.868 13.382 31.819 8.074 8.074 11.418 0.920 1.140 1.465 -16.663 9.291 19.078 -7.646 5.974 9.704 
45.000 20.853 26.853 1.000 0.000 18.797 26.605 18.713 26.664 10.612 -6.056 0.002 -0.001 0.998 0.998 5.177 5.177 0.098 0.098 -22.253 15.513 27.127 16.240 16.240 22.967 -2.056 -0.248 2.071 -2.140 -0.189 2.149 9.612 -6.056 11.361 
46.000 21.853 26.853 1.000 0.000 22.267 28.117 22.500 27.870 -7.429 13.141 -0.000 0.001 0.983 0.983 nan nan 0.098 0.098 7.057 -7.509 10.305 5.509 5.509 7.791 0.414 1.264 1.330 0.647 1.017 1.205 -8.429 13.141 15.612 
47.000 22.841 26.697 0.988 -0.156 24.035 26.047 24.174 25.815 -4.791 8.738 0.000 0.001 1.008 1.008 5.837 5.837 0.098 0.098 -8.964 14.963 17.443 nan nan nan 1.194 -0.650 1.359 1.333 -0.882 1.599 -5.779 8.894 10.607 
48.000 23.792 26.388 0.951 -0.309 22.755 28.338 22.663 28.507 2.966 -5.560 0.001 -0.001 0.986 0.986 nan nan 0.097 0.097 -3.372 6.215 7.071 6.056 6.056 8.564 -1.037 1.950 2.209 -1.129 2.119 2.401 2.015 -5.251 5.625 
49.000 24.683 25.934 0.891 -0.454 24.544 26.502 24.524 26.569 2.810 -5.048 0.001 -0.001 1.009 1.009 6.412 6.412 0.097 0.097 1.085 -3.555 3.717 nan nan nan -0.139 0.568 0.585 -0.159 0.635 0.654 1.919 -4.594 4.979 
50.000 25.492 25.346 0.809 -0.588 24.378 24.798 24.446 24.723 -3.403 1.840 0.000 0.000 0.988 0.988 nan nan 0.097 0.097 2.956 -3.277 4.413 6.589 6.589 9.318 -1.114 -0.548 1.241 -1.046 -0.623 1.218 -4.212 2.428 4.862 
51.000 26.199 24.639 0.707 -0.707 26.380 24.602 26.500 24.558 -3.571 1.902 0.000 0.000 1.011 1.011 7.025 7.025 0.097 0.097 -5.337 1.961 5.686 nan nan nan 0.181 -0.037 0.185 0.301 -0.081 0.312 -4.278 2.609 5.011 
52.000 26.787 23.830 0.588 -0.809 25.328 24.087 25.281 24.133 1.073 -2.692 0.000 -0.000 0.990 0.990 nan nan 0.097 0.097 -2.399 2.373 3.374 7.163 7.163 10.130 -1.459 0.257 1.481 -1.506 0.303 1.536 0.485 -1.883 1.944 
53.000 27.241 22.939 0.454 -0.891 26.748 22.217 26.759 22.238 0.977 -2.881 0.000 -0.000 1.013 1.013 7.701 7.701 0.097 0.097 -0.394 -0.776 0.870 nan nan nan -0.493 -0.722 0.874 -0.482 -0.701 0.851 0.523 -1.990 2.058 
54.000 27.550 21.988 0.309 -0.951 28.671 21.890 28.656 21.848 2.654 1.660 0.000 0.000 0.992 0.992 nan nan 0.097 0.097 -0.935 -2.533 2.700 7.801 7.801 11.032 1.121 -0.098 1.125 1.106 -0.140 1.114 2.345 2.611 3.509 
55.000 27.706 21.000 0.156 -0.988 27.413 20.288 27.286 20.183 4.640 3.301 0.001 0.000 1.016 1.016 8.472 8.472 0.097 0.097 3.896 3.220 5.055 nan nan nan -0.293 -0.712 0.770 -0.420 -0.817 0.919 4.484 4.289 6.205 
56.000 27.706 20.000 0.000 -1.000 15.755 13.500 15.977 13.637 -22.302 -13.333 -0.002 -0.001 0.993 0.993 nan nan 0.097 0.097 16.171 9.984 19.004 8.532 8.532 12.066 -11.951 -6.500 13.604 -11.729 -6.363 13.344 -22.302 -12.333 25.485 
57.000 27.706 19.000 0.000 -1.000 28.032 19.897 29.410 20.683 -51.800 -30.155 -0.005 -0.003 1.020 1.020 9.388 9.388 0.097 0.097 -34.357 -19.593 39.551 nan nan nan 0.326 0.897 0.954 1.704 1.683 2.394 -51.800 -29.155 59.441 
58.000 27.706 18.000 0.000 -1.000 27.323 17.636 0.804 3.175 -15.396 -10.304 -0.001 -0.001 6.830 6.830 9.361 9.361 0.097 0.097 -49.713 -27.108 56.624 9.405 9.405 13.301 -0.383 -0.364 0.528 -26.902 -14.825 30.716 -15.396 -9.304 17.989 
59.000 27.706 17.000 0.000 -1.000 28.642 18.093 28.489 18.003 16.962 8.572 0.002 0.001 0.998 0.998 5.461 5.461 0.097 0.097 -43.234 -25.222 50.053 16.786 16.786 23.738 0.936 1.093 1.439 0.783 1.003 1.273 16.962 9.572 19.476 
60.000 27.706 16.000 0.000 -1.000 27.236 13.214 41.002 23.312 5.871 0.436 0.001 -0.000 4.942 4.942 8.988 8.988 0.097 0.097 18.214 13.362 22.590 5.772 5.772 8.163 -0.470 -2.786 2.825 13.296 7.312 15.174 5.871 1.436 6.044 
61.000 27.706 15.000 0.000 -1.000 29.309 16.462 29.386 16.494 -8.895 -5.690 -0.001 -0.001 0.998 0.998 4.432 4.432 0.097 0.097 17.564 7.286 19.015 15.100 15.100 21.354 1.603 1.462 2.170 1.680 1.494 2.248 -8.895 -4.690 10.056 
62.000 27.706 14.000 0.000 -1.000 27.315 12.685 27.022 12.604 11.733 -0.004 0.001 0.000 0.978 0.978 nan nan 0.097 0.097 -6.824 -1.881 7.079 4.829 4.829 6.829 -0.391 -1.315 1.372 -0.684 -1.396 1.554 11.733 0.996 11.775 
63.000 27.706 13.000 0.000 -1.000 28.197 13.649 28.073 13.661 6.741 0.492 0.001 0.000 1.006 1.006 5.069 5.069 0.097 0.097 10.558 -1.049 10.610 nan nan nan 0.491 0.649 0.814 0.367 0.661 0.756 6.741 1.492 6.904 
64.000 27.706 12.000 0.000 -1.000 30.799 18.608 30.939 18.453 -3.934 12.336 -0.000 0.001 0.982 0.982 nan nan 0.097 0.097 4.015 -4.455 5.997 5.353 5.353 7.570 3.093 6.608 7.296 3.233 6.453 7.217 -3.934 13.336 13.904 
65.000 27.706 11.000 0.000 -1.000 28.777 11.139 28.802 10.856 -3.319 5.511 -0.000 0.001 1.007 1.007 5.620 5.620 0.097 0.097 -1.772 19.650 19.729 nan nan nan 1.071 0.139 1.080 1.096 -0.144 1.106 -3.319 6.511 7.308 
66.000 27.706 10.000 0.000 -1.000 28.580 8.976 28.490 9.192 4.079 -12.149 0.000 -0.001 0.985 0.985 nan nan 0.097 0.097 -3.096 7.392 8.014 5.856 5.856 8.282 0.874 -1.024 1.346 0.784 -0.808 1.126 4.079 -11.149 11.872 
67.000 27.706 9.000 0.000 -1.000 29.650 8.525 29.599 8.725 3.480 -9.794 0.000 -0.001 1.009 1.009 6.185 6.185 0.097 0.097 2.918 -11.483 11.848 nan nan nan 1.944 -0.475 2.001 1.893 -0.275 1.913 3.480 -8.794 9.458 
68.000 27.706 8.000 0.000 -1.000 24.750 8.668 24.955 8.429 -14.633 11.380 -0.001 0.001 0.988 0.988 nan nan 0.097 0.097 8.329 -9.737 12.814 6.378 6.378 9.020 -2.956 0.668 3.031 -2.751 0.429 2.784 -14.633 12.380 19.167 
69.000 27.706 7.000 0.000 -1.000 26.251 7.666 26.584 7.412 -13.991 10.890 -0.001 0.001 1.010 1.010 6.781 6.781 0.097 0.097 -15.929 12.142 20.029 nan nan nan -1.455 0.666 1.600 -1.122 0.412 1.195 -13.991 11.890 18.361 
70.000 27.706 6.000 0.000 -1.000 27.522 5.152 27.212 5.425 15.823 -15.372 0.002 -0.001 0.990 0.990 nan nan 0.097 0.097 -14.929 13.150 19.895 6.934 6.934 9.807 -0.184 -0.848 0.868 -0.494 -0.575 0.758 15.823 -14.372 21.375 
71.000 27.706 5.000 0.000 -1.000 28.622 5.652 28.260 6.044 18.075 -17.809 0.002 -0.002 1.012 1.012 7.430 7.430 0.097 0.097 14.412 -15.598 21.237 nan nan nan 0.916 0.652 1.124 0.554 1.044 1.182 18.075 -16.809 24.683 
72.000 27.550 4.012 -0.156 -0.988 23.765 1.491 24.162 1.258 -23.584 6.659 -0.002 0.001 0.991 0.991 nan nan 0.097 0.097 22.570 -13.256 26.175 7.544 7.544 10.669 -3.785 -2.521 4.548 -3.388 -2.754 4.366 -23.428 7.647 24.645 
73.000 27.241 3.061 -0.309 -0.951 28.273 2.867 29.112 2.714 -34.627 8.672 -0.003 0.001 1.015 1.015 8.159 8.159 0.097 0.097 -27.696 5.050 28.152 nan nan nan 1.032 -0.194 1.050 1.871 -0.347 1.903 -34.318 9.623 35.642 
74.000 26.787 2.170 -0.454 -0.891 27.491 1.341 7.704 7.363 -11.641 1.676 -0.001 0.000 6.328 6.328 9.256 9.256 0.097 0.097 -33.006 10.045 34.501 8.234 8.234 11.645 0.704 -0.829 1.088 -19.083 5.193 19.777 -11.187 2.567 11.477 
75.000 26.199 1.361 -0.588 -0.809 25.366 0.865 25.256 0.896 10.977 -4.633 0.001 -0.000 0.998 0.998 5.216 5.216 0.097 0.097 -29.303 8.175 30.422 16.311 16.311 23.067 -0.833 -0.496 0.969 -0.943 -0.465 1.052 11.565 -3.824 12.181 
76.000 25.492 0.654 -0.707 -0.707 24.986 0.696 25.352 0.552 -17.550 6.612 -0.002 0.001 0.984 0.984 nan nan 0.097 0.097 11.247 -4.434 12.090 5.545 5.545 7.841 -0.506 0.042 0.508 -0.140 -0.102 0.173 -16.843 7.319 18.365 
77.000 24.683 0.066 -0.809 -0.588 25.717 -1.467 25.999 -1.603 -12.464 4.162 -0.001 0.000 1.008 1.008 5.878 5.878 0.097 0.097 -17.916 8.631 19.886 nan nan nan 1.034 -1.533 1.849 1.316 -1.669 2.125 -11.655 4.750 12.586 
78.000 23.792 -0.388 -0.891 -0.454 23.725 0.219 23.451 0.282 10.817 -1.184 0.001 -0.000 0.986 0.986 nan nan 0.097 0.097 -10.190 2.340 10.456 6.094 6.094 8.618 -0.067 0.607 0.611 -0.341 0.670 0.752 11.708 -0.730 11.730 
79.000 22.841 -0.697 -0.951 -0.309 22.994 -0.115 22.780 -0.100 9.325 -1.080 0.001 -0.000 1.009 1.009 6.455 6.455 0.097 0.097 11.273 -0.787 11.301 nan nan nan 0.153 0.582 0.602 -0.061 0.597 0.600 10.276 -0.771 10.304 
80.000 21.853 -0.853 -0.988 -0.156 24.760 -3.943 24.927 -3.880 -6.017 -6.852 -0.001 -0.001 0.989 0.989 nan nan 0.097 0.097 7.345 2.763 7.847 6.629 6.629 9.375 2.907 -3.090 4.242 3.074 -3.027 4.314 -5.029 -6.696 8.374 
81.000 20.853 -0.853 -1.000 0.000 19.755 1.569 19.774 1.849 -6.056 -7.414 -0.001 -0.001 1.011 1.011 7.072 7.072 0.097 0.097 -0.845 -12.301 12.330 nan nan nan -1.098 2.422 2.659 -1.079 2.702 2.909 -5.056 -7.414 8.974 
82.000 19.853 -0.853 -1.000 0.000 21.078 0.186 20.936 0.075 8.109 3.653 0.001 0.000 0.990 0.990 nan nan 0.097 0.097 -7.360 -5.750 9.340 7.207 7.207 10.193 1.225 1.039 1.606 1.083 0.928 1.427 9.109 3.653 9.814 
83.000 18.853 -0.853 -1.000 0.000 20.188 -0.164 19.946 -0.271 10.423 4.670 0.001 0.000 1.014 1.014 7.754 7.754 0.097 0.097 8.857 3.893 9.675 nan nan nan 1.335 0.689 1.502 1.093 0.582 1.238 11.423 4.670 12.340 
84.000 17.853 -0.853 -1.000 0.000 17.900 -2.238 18.102 -2.130 -11.805 -7.163 -0.001 -0.001 0.992 0.992 nan nan 0.097 0.097 12.468 6.638 14.125 7.850 7.850 11.102 0.047 -1.385 1.386 0.249 -1.277 1.301 -10.805 -7.163 12.964 
85.000 16.853 -0.853 -1.000 0.000 19.082 -1.141 19.506 -0.871 -18.607 -11.501 -0.002 -0.001 1.016 1.016 8.534 8.534 0.097 0.097 -12.785 -8.153 15.163 nan nan nan 2.229 -0.288 2.248 2.653 -0.018 2.653 -17.607 -11.501 21.030 
86.000 15.853 -0.853 -1.000 0.000 12.468 -1.637 12.311 -1.782 0.566 6.290 0.000 0.001 0.993 0.993 nan nan 0.097 0.097 -11.569 -10.735 15.782 8.590 8.590 12.148 -3.385 -0.784 3.475 -3.542 -0.929 3.662 1.566 6.290 6.482 
87.000 14.853 -0.853 -1.000 0.000 14.101 -1.133 14.151 -1.363 -0.521 11.302 0.000 0.001 1.020 1.020 9.463 9.463 0.097 0.097 -1.223 5.640 5.771 nan nan nan -0.752 -0.280 0.802 -0.702 -0.510 0.868 0.479 11.302 11.312 
88.000 13.853 -0.853 -1.000 0.000 14.448 -1.825 14.439 -1.694 0.742 -6.861 0.000 -0.001 0.994 0.994 nan nan 0.097 0.097 -0.818 11.764 11.793 9.477 9.477 13.402 0.595 -0.972 1.140 0.586 -0.841 1.025 1.742 -6.861 7.079 
89.000 12.853 -0.853 -1.000 0.000 12.093 -0.565 11.934 -0.154 5.030 -17.957 0.001 -0.002 1.025 1.025 10.630 10.630 0.097 0.097 3.088 -7.990 8.566 nan nan nan -0.760 0.288 0.813 -0.919 0.699 1.154 6.030 -17.957 18.943 
90.000 11.853 -0.853 -1.000 0.000 12.546 -1.795 12.585 -1.940 -1.330 5.530 -0.000 0.001 0.996 0.996 nan nan 0.097 0.097 4.418 -16.316 16.904 10.596 10.596 14.985 0.693 -0.942 1.169 0.732 -1.087 1.311 -0.330 5.530 5.540 
91.000 10.853 -0.853 -1.000 0.000 11.243 -0.158 11.242 -0.412 -1.304 13.606 -0.000 0.001 1.033 1.033 12.203 12.203 0.097 0.097 0.012 3.748 3.748 nan nan nan 0.390 0.695 0.797 0.389 0.441 0.588 -0.304 13.606 13.609 
92.000 9.853 -0.853 -1.000 0.000 9.514 0.580 9.517 0.666 -1.873 -3.316 -0.000 -0.000 0.997 0.997 nan nan 0.097 0.097 0.425 12.614 12.621 12.111 12.111 17.127 -0.339 1.433 1.473 -0.336 1.519 1.556 -0.873 -3.316 3.429 
93.000 8.853 -0.853 -1.000 0.000 9.391 -0.133 9.560 0.110 -7.995 -12.134 -0.001 -0.001 1.047 1.047 14.566 14.566 0.097 0.097 -1.747 -2.517 3.064 nan nan nan 0.538 0.720 0.899 0.707 0.963 1.194 -6.995 -12.134 14.006 
94.000 7.853 -0.853 -1.000 0.000 8.459 1.186 8.426 1.122 0.610 4.353 0.000 0.000 0.998 0.998 nan nan 0.097 0.097 -6.895 -13.210 14.901 14.397 14.397 20.360 0.606 2.039 2.127 0.573 1.975 2.057 1.610 4.353 4.641 
95.000 6.853 -0.853 -1.000 0.000 8.628 -1.333 8.562 -2.437 3.292 49.189 0.000 0.005 1.078 1.078 18.886 18.886 0.097 0.097 0.407 6.808 6.821 nan nan nan 1.775 -0.480 1.839 1.709 -1.584 2.330 4.292 49.189 49.376 
96.000 5.853 -0.853 -1.000 0.000 -6.754 -4.563 -6.700 -4.415 -18.247 -10.205 -0.002 -0.001 0.999 0.999 nan nan 0.097 0.097 18.608 51.314 54.584 18.593 18.593 26.294 -12.607 -3.710 13.142 -12.553 -3.562 13.049 -17.247 -10.205 20.040 
97.000 4.853 -0.853 -1.000 0.000 5.233 -0.260 19.639 6.595 -663.009 -316.982 -0.063 -0.030 1.215 1.215 32.400 32.400 0.097 0.097 -30.180 -14.360 33.422 nan nan nan 0.380 0.593 0.704 14.786 7.448 16.556 -662.009 -316.982 733.984 
98.000 3.853 -0.853 -1.000 0.000 4.550 -1.337 -53.900 -29.217 -32.694 -16.329 -0.002 -0.001 9.538 9.538 10.034 10.034 0.097 0.097 -647.919 -309.050 717.852 31.773 31.773 44.933 0.697 -0.484 0.849 -57.753 -28.364 64.343 -31.694 -16.329 35.653 
99.000 2.853 -0.853 -1.000 0.000 2.739 -2.660 -15.633 -11.480 12.865 5.543 0.001 0.001 8.913 8.913 8.616 8.616 0.097 0.097 -89.333 -42.886 99.094 19.678 19.678 27.830 -0.114 -1.807 1.811 -18.486 -10.627 21.323 13.865 5.543 14.932 
